22.500000 -5.979046
22.550000 -5.803744
22.600000 -5.636205
22.650000 -5.555219
22.700000 -5.398572
22.750000 -5.248714
22.800000 -5.176221
22.850000 -5.035895
22.900000 -4.901512
22.950000 -4.836454
23.000000 -4.710419
23.050000 -4.589592
23.100000 -4.531048
23.150000 -4.417539
23.200000 -4.308597
23.250000 -4.255766
23.300000 -4.153245
23.350000 -4.054735
23.400000 -4.006920
23.450000 -3.914050
23.500000 -3.824705
23.550000 -3.781299
23.600000 -3.696915
23.650000 -3.615633
23.700000 -3.576108
23.750000 -3.499194
23.800000 -3.425015
23.850000 -3.388908
23.900000 -3.318580
23.950000 -3.250665
24.000000 -3.217576
24.050000 -3.153062
24.100000 -3.090680
24.150000 -3.060257
24.200000 -3.000883
24.250000 -2.943397
24.300000 -2.915333
24.350000 -2.860510
24.400000 -2.807360
24.450000 -2.781388
24.500000 -2.730601
24.550000 -2.681299
24.600000 -2.657184
24.650000 -2.609982
24.700000 -2.564100
24.750000 -2.541636
24.800000 -2.497623
24.850000 -2.454787
24.900000 -2.433793
24.950000 -2.392623
25.000000 -2.352501
25.050000 -2.332820
25.100000 -2.294186
25.150000 -2.256490
25.200000 -2.237981
25.250000 -2.201616
25.300000 -2.166089
25.350000 -2.148630
25.400000 -2.114296
25.450000 -2.080714
25.500000 -2.064195
25.550000 -2.031683
25.600000 -1.999847
25.650000 -1.984173
25.700000 -1.953298
25.750000 -1.923030
25.800000 -1.908117
25.850000 -1.878714
25.900000 -1.849860
25.950000 -1.835631
