5.000000000000000000e+01 5.588050801693895675e-01
7.400000000000000000e+01 6.045501478154002850e-01
1.100000000000000000e+02 6.578144304273204623e-01
1.620000000000000000e+02 6.817280838295864953e-01
2.390000000000000000e+02 7.162024976371305085e-01
3.520000000000000000e+02 7.763958721774280036e-01
5.200000000000000000e+02 8.240897966082878501e-01
7.690000000000000000e+02 8.682113656884429265e-01
1.135000000000000000e+03 9.054918008772804283e-01
1.677000000000000000e+03 9.322779194580016471e-01
2.477000000000000000e+03 9.492549569629163964e-01
3.660000000000000000e+03 9.614972252015796528e-01
