5.000000000000000000e+01 5.702037516223583680e-01
7.400000000000000000e+01 6.154640964244606494e-01
1.100000000000000000e+02 6.603061556582190406e-01
1.620000000000000000e+02 6.757729668318006588e-01
2.390000000000000000e+02 6.982597282081854928e-01
3.520000000000000000e+02 7.345745907589353862e-01
5.200000000000000000e+02 7.523600514093189418e-01
7.690000000000000000e+02 7.581309699393914414e-01
1.135000000000000000e+03 7.513284167212050946e-01
1.677000000000000000e+03 7.299901611164671955e-01
2.477000000000000000e+03 6.966528038875434703e-01
3.660000000000000000e+03 6.613583897397592448e-01
