5.000000000000000000e+01 6.640833848330104372e-01
7.400000000000000000e+01 7.199289475156990248e-01
1.100000000000000000e+02 7.765453798103798544e-01
1.620000000000000000e+02 8.183508012643536667e-01
2.390000000000000000e+02 8.688735453275449050e-01
3.520000000000000000e+02 9.194727644224703900e-01
5.200000000000000000e+02 9.518788268321133339e-01
7.690000000000000000e+02 9.711100227384285022e-01
1.135000000000000000e+03 9.815575517984534981e-01
1.677000000000000000e+03 9.872028814412331377e-01
2.477000000000000000e+03 9.906324545445941432e-01
3.660000000000000000e+03 9.932477599160909332e-01
