5.000000000000000000e+01 5.405169893104500023e-01
7.400000000000000000e+01 5.843734434511644871e-01
1.100000000000000000e+02 6.333857854173765567e-01
1.620000000000000000e+02 6.487182389396888293e-01
2.390000000000000000e+02 6.702088593471426936e-01
3.520000000000000000e+02 7.122539968576380165e-01
5.200000000000000000e+02 7.335603007855449054e-01
7.690000000000000000e+02 7.454840565651931206e-01
1.135000000000000000e+03 7.511328076302075107e-01
1.677000000000000000e+03 7.497666856395277524e-01
2.477000000000000000e+03 7.418262446923490350e-01
3.660000000000000000e+03 7.379696918507252512e-01
