5.000000000000000000e+01 5.386025856087144348e-01
7.400000000000000000e+01 5.822775974576188673e-01
1.100000000000000000e+02 6.311208900518749942e-01
1.620000000000000000e+02 6.459140787071646628e-01
2.390000000000000000e+02 6.665250854015880577e-01
3.520000000000000000e+02 7.071980810460019029e-01
5.200000000000000000e+02 7.255835145622384630e-01
7.690000000000000000e+02 7.319003186381998205e-01
1.135000000000000000e+03 7.272959859262009275e-01
1.677000000000000000e+03 7.078603066967064095e-01
2.477000000000000000e+03 6.701113299631726861e-01
3.660000000000000000e+03 6.211293841466405397e-01
