5.000000000000000000e+01 5.218567132269527065e-01
7.400000000000000000e+01 5.693683031222462887e-01
1.100000000000000000e+02 6.182457514287307276e-01
1.620000000000000000e+02 6.363280754023037389e-01
2.390000000000000000e+02 6.580378202810095445e-01
3.520000000000000000e+02 7.001186903006271223e-01
5.200000000000000000e+02 7.193977576373313809e-01
7.690000000000000000e+02 7.250540301311403368e-01
1.135000000000000000e+03 7.165298197533989111e-01
1.677000000000000000e+03 6.913489504541505681e-01
2.477000000000000000e+03 6.509442810550476466e-01
3.660000000000000000e+03 6.041366861970534075e-01
