    1.50000e-05     6.74406e+00
    1.51184e-05     6.79560e+00
    1.52377e-05     6.84751e+00
    1.53579e-05     6.89980e+00
    1.54791e-05     6.95252e+00
    1.56013e-05     7.00566e+00
    1.57244e-05     7.05917e+00
    1.58485e-05     7.11311e+00
    1.59735e-05     7.16742e+00
    1.60996e-05     7.22220e+00
    1.62266e-05     7.27735e+00
    1.63547e-05     7.33297e+00
    1.64837e-05     7.38897e+00
    1.66138e-05     7.44543e+00
    1.67449e-05     7.50231e+00
    1.68770e-05     7.55961e+00
    1.70102e-05     7.61737e+00
    1.71444e-05     7.67555e+00
    1.72797e-05     7.73419e+00
    1.74161e-05     7.79328e+00
    1.75535e-05     7.85280e+00
    1.76920e-05     7.91279e+00
    1.78317e-05     7.97326e+00
    1.79724e-05     8.03417e+00
    1.81142e-05     8.09552e+00
    1.82571e-05     8.15735e+00
    1.84012e-05     8.21966e+00
    1.85464e-05     8.28245e+00
    1.86928e-05     8.34573e+00
    1.88403e-05     8.40949e+00
    1.89890e-05     8.47374e+00
    1.91388e-05     8.53846e+00
    1.92898e-05     8.60366e+00
    1.94421e-05     8.66943e+00
    1.95955e-05     8.73565e+00
    1.97501e-05     8.80237e+00
    1.99060e-05     8.86964e+00
    2.00630e-05     8.93736e+00
    2.02214e-05     9.00569e+00
    2.03809e-05     9.07446e+00
    2.05418e-05     9.14382e+00
    2.07039e-05     9.21367e+00
    2.08672e-05     9.28403e+00
    2.10319e-05     9.35497e+00
    2.11979e-05     9.42645e+00
    2.13652e-05     9.49848e+00
    2.15338e-05     9.57104e+00
    2.17037e-05     9.64415e+00
    2.18749e-05     9.71780e+00
    2.20476e-05     9.79207e+00
    2.22215e-05     9.86685e+00
    2.23969e-05     9.94224e+00
    2.25736e-05     1.00182e+01
    2.27518e-05     1.00947e+01
    2.29313e-05     1.01719e+01
    2.31123e-05     1.02496e+01
    2.32947e-05     1.03279e+01
    2.34785e-05     1.04068e+01
    2.36638e-05     1.04863e+01
    2.38505e-05     1.05664e+01
    2.40387e-05     1.06471e+01
    2.42284e-05     1.07285e+01
    2.44196e-05     1.08104e+01
    2.46123e-05     1.08930e+01
    2.48065e-05     1.09762e+01
    2.50023e-05     1.10601e+01
    2.51996e-05     1.11446e+01
    2.53984e-05     1.12297e+01
    2.55988e-05     1.13155e+01
    2.58008e-05     1.14019e+01
    2.60044e-05     1.14890e+01
    2.62096e-05     1.15768e+01
    2.64165e-05     1.16652e+01
    2.66249e-05     1.17543e+01
    2.68350e-05     1.18441e+01
    2.70468e-05     1.19346e+01
    2.72602e-05     1.20257e+01
    2.74753e-05     1.21176e+01
    2.76922e-05     1.22102e+01
    2.79107e-05     1.23035e+01
    2.81309e-05     1.23974e+01
    2.83529e-05     1.24921e+01
    2.85767e-05     1.25876e+01
    2.88022e-05     1.26838e+01
    2.90294e-05     1.27806e+01
    2.92585e-05     1.28783e+01
    2.94894e-05     1.29767e+01
    2.97221e-05     1.30758e+01
    2.99567e-05     1.31757e+01
    3.01931e-05     1.32764e+01
    3.04313e-05     1.33778e+01
    3.06715e-05     1.34800e+01
    3.09135e-05     1.35830e+01
    3.11574e-05     1.36867e+01
    3.14033e-05     1.37913e+01
    3.16511e-05     1.38966e+01
    3.19009e-05     1.40028e+01
    3.21526e-05     1.41098e+01
    3.24063e-05     1.42175e+01
    3.26621e-05     1.43262e+01
    3.29198e-05     1.44356e+01
    3.31796e-05     1.45458e+01
    3.34414e-05     1.46570e+01
    3.37053e-05     1.47689e+01
    3.39713e-05     1.48817e+01
    3.42394e-05     1.49954e+01
    3.45096e-05     1.51100e+01
    3.47819e-05     1.52254e+01
    3.50563e-05     1.53417e+01
    3.53330e-05     1.54589e+01
    3.56118e-05     1.55770e+01
    3.58928e-05     1.56960e+01
    3.61761e-05     1.58160e+01
    3.64615e-05     1.59368e+01
    3.67493e-05     1.60586e+01
    3.70393e-05     1.61812e+01
    3.73315e-05     1.63048e+01
    3.76261e-05     1.64294e+01
    3.79231e-05     1.65549e+01
    3.82223e-05     1.66814e+01
    3.85239e-05     1.68088e+01
    3.88279e-05     1.69372e+01
    3.91343e-05     1.70666e+01
    3.94431e-05     1.71969e+01
    3.97544e-05     1.73283e+01
    4.00681e-05     1.74607e+01
    4.03843e-05     1.75941e+01
    4.07030e-05     1.77285e+01
    4.10242e-05     1.78639e+01
    4.13479e-05     1.80003e+01
    4.16742e-05     1.81378e+01
    4.20031e-05     1.82764e+01
    4.23345e-05     1.84160e+01
    4.26686e-05     1.85567e+01
    4.30053e-05     1.86984e+01
    4.33447e-05     1.88413e+01
    4.36867e-05     1.89852e+01
    4.40314e-05     1.91302e+01
    4.43789e-05     1.92764e+01
    4.47291e-05     1.94236e+01
    4.50821e-05     1.95720e+01
    4.54378e-05     1.97215e+01
    4.57964e-05     1.98721e+01
    4.61578e-05     2.00240e+01
    4.65220e-05     2.01769e+01
    4.68891e-05     2.03310e+01
    4.72591e-05     2.04863e+01
    4.76321e-05     2.06428e+01
    4.80079e-05     2.08005e+01
    4.83868e-05     2.09594e+01
    4.87686e-05     2.11195e+01
    4.91535e-05     2.12808e+01
    4.95413e-05     2.14434e+01
    4.99323e-05     2.16072e+01
    5.03263e-05     2.17722e+01
    5.07234e-05     2.19385e+01
    5.11237e-05     2.21062e+01
    5.15271e-05     2.22750e+01
    5.19338e-05     2.24452e+01
    5.23436e-05     2.26166e+01
    5.27566e-05     2.27894e+01
    5.31729e-05     2.29635e+01
    5.35925e-05     2.31389e+01
    5.40155e-05     2.33157e+01
    5.44417e-05     2.34938e+01
    5.48713e-05     2.36732e+01
    5.53043e-05     2.38541e+01
    5.57407e-05     2.40362e+01
    5.61806e-05     2.42199e+01
    5.66239e-05     2.44048e+01
    5.70708e-05     2.45913e+01
    5.75211e-05     2.47791e+01
    5.79750e-05     2.49684e+01
    5.84325e-05     2.51591e+01
    5.88936e-05     2.53512e+01
    5.93584e-05     2.55449e+01
    5.98268e-05     2.57400e+01
    6.02989e-05     2.59366e+01
    6.07747e-05     2.61347e+01
    6.12543e-05     2.63343e+01
    6.17377e-05     2.65354e+01
    6.22249e-05     2.67381e+01
    6.27159e-05     2.69423e+01
    6.32108e-05     2.71481e+01
    6.37096e-05     2.73555e+01
    6.42124e-05     2.75644e+01
    6.47191e-05     2.77750e+01
    6.52298e-05     2.79871e+01
    6.57445e-05     2.82009e+01
    6.62633e-05     2.84163e+01
    6.67862e-05     2.86333e+01
    6.73132e-05     2.88520e+01
    6.78444e-05     2.90724e+01
    6.83798e-05     2.92945e+01
    6.89194e-05     2.95182e+01
    6.94633e-05     2.97437e+01
    7.00114e-05     2.99708e+01
    7.05639e-05     3.01998e+01
    7.11207e-05     3.04304e+01
    7.16820e-05     3.06629e+01
    7.22476e-05     3.08971e+01
    7.28177e-05     3.11331e+01
    7.33924e-05     3.13709e+01
    7.39715e-05     3.16105e+01
    7.45552e-05     3.18519e+01
    7.51436e-05     3.20952e+01
    7.57365e-05     3.23403e+01
    7.63342e-05     3.25873e+01
    7.69366e-05     3.28362e+01
    7.75437e-05     3.30870e+01
    7.81556e-05     3.33397e+01
    7.87723e-05     3.35943e+01
    7.93940e-05     3.38509e+01
    8.00205e-05     3.41095e+01
    8.06519e-05     3.43699e+01
    8.12884e-05     3.46324e+01
    8.19298e-05     3.48969e+01
    8.25764e-05     3.51634e+01
    8.32280e-05     3.54320e+01
    8.38848e-05     3.57026e+01
    8.45467e-05     3.59752e+01
    8.52139e-05     3.62499e+01
    8.58863e-05     3.65267e+01
    8.65641e-05     3.68056e+01
    8.72472e-05     3.70867e+01
    8.79357e-05     3.73699e+01
    8.86296e-05     3.76553e+01
    8.93290e-05     3.79429e+01
    9.00339e-05     3.82326e+01
    9.07444e-05     3.85245e+01
    9.14605e-05     3.88188e+01
    9.21822e-05     3.91151e+01
    9.29096e-05     3.94139e+01
    9.36428e-05     3.97148e+01
    9.43817e-05     4.00181e+01
    9.51265e-05     4.03237e+01
    9.58772e-05     4.06317e+01
    9.66338e-05     4.09420e+01
    9.73963e-05     4.12546e+01
    9.81649e-05     4.15697e+01
    9.89396e-05     4.18872e+01
    9.97203e-05     4.22070e+01
    1.00507e-04     4.25292e+01
    1.01300e-04     4.28539e+01
    1.02100e-04     4.31813e+01
    1.02905e-04     4.35108e+01
    1.03717e-04     4.38430e+01
    1.04536e-04     4.41780e+01
    1.05361e-04     4.45153e+01
    1.06192e-04     4.48550e+01
    1.07030e-04     4.51975e+01
    1.07875e-04     4.55426e+01
    1.08726e-04     4.58903e+01
    1.09584e-04     4.62406e+01
    1.10449e-04     4.65938e+01
    1.11320e-04     4.69492e+01
    1.12199e-04     4.73078e+01
    1.13084e-04     4.76689e+01
    1.13977e-04     4.80331e+01
    1.14876e-04     4.83996e+01
    1.15783e-04     4.87694e+01
    1.16696e-04     4.91415e+01
    1.17617e-04     4.95167e+01
    1.18545e-04     4.98947e+01
    1.19481e-04     5.02759e+01
    1.20424e-04     5.06597e+01
    1.21374e-04     5.10464e+01
    1.22332e-04     5.14362e+01
    1.23297e-04     5.18288e+01
    1.24270e-04     5.22245e+01
    1.25251e-04     5.26233e+01
    1.26239e-04     5.30249e+01
    1.27235e-04     5.34296e+01
    1.28239e-04     5.38375e+01
    1.29251e-04     5.42485e+01
    1.30271e-04     5.46626e+01
    1.31299e-04     5.50797e+01
    1.32335e-04     5.55002e+01
    1.33379e-04     5.59237e+01
    1.34432e-04     5.63507e+01
    1.35493e-04     5.67809e+01
    1.36562e-04     5.72142e+01
    1.37640e-04     5.76509e+01
    1.38726e-04     5.80910e+01
    1.39821e-04     5.85344e+01
    1.40924e-04     5.89810e+01
    1.42036e-04     5.94311e+01
    1.43157e-04     5.98847e+01
    1.44286e-04     6.03414e+01
    1.45425e-04     6.08021e+01
    1.46573e-04     6.12663e+01
    1.47729e-04     6.17336e+01
    1.48895e-04     6.22047e+01
    1.50070e-04     6.26794e+01
    1.51254e-04     6.31576e+01
    1.52448e-04     6.36398e+01
    1.53651e-04     6.41255e+01
    1.54863e-04     6.46147e+01
    1.56085e-04     6.51077e+01
    1.57317e-04     6.56047e+01
    1.58559e-04     6.61055e+01
    1.59810e-04     6.66099e+01
    1.61071e-04     6.71182e+01
    1.62342e-04     6.76303e+01
    1.63623e-04     6.81464e+01
    1.64914e-04     6.86662e+01
    1.66216e-04     6.91904e+01
    1.67527e-04     6.97180e+01
    1.68849e-04     7.02499e+01
    1.70182e-04     7.07860e+01
    1.71525e-04     7.13259e+01
    1.72878e-04     7.18699e+01
    1.74242e-04     7.24180e+01
    1.75617e-04     7.29704e+01
    1.77003e-04     7.35270e+01
    1.78400e-04     7.40878e+01
    1.79808e-04     7.46530e+01
    1.81227e-04     7.52225e+01
    1.82657e-04     7.57960e+01
    1.84098e-04     7.63740e+01
    1.85551e-04     7.69565e+01
    1.87015e-04     7.75434e+01
    1.88491e-04     7.81348e+01
    1.89978e-04     7.87306e+01
    1.91477e-04     7.93309e+01
    1.92988e-04     7.99358e+01
    1.94511e-04     8.05456e+01
    1.96046e-04     8.11598e+01
    1.97593e-04     8.17787e+01
    1.99153e-04     8.24026e+01
    2.00724e-04     8.30307e+01
    2.02308e-04     8.36639e+01
    2.03904e-04     8.43015e+01
    2.05514e-04     8.49448e+01
    2.07135e-04     8.55920e+01
    2.08770e-04     8.62447e+01
    2.10417e-04     8.69020e+01
    2.12078e-04     8.75648e+01
    2.13751e-04     8.82321e+01
    2.15438e-04     8.89046e+01
    2.17138e-04     8.95824e+01
    2.18852e-04     9.02653e+01
    2.20579e-04     9.09533e+01
    2.22319e-04     9.16462e+01
    2.24074e-04     9.23450e+01
    2.25842e-04     9.30487e+01
    2.27624e-04     9.37578e+01
    2.29420e-04     9.44721e+01
    2.31231e-04     9.51923e+01
    2.33055e-04     9.59174e+01
    2.34894e-04     9.66482e+01
    2.36748e-04     9.73848e+01
    2.38616e-04     9.81267e+01
    2.40499e-04     9.88744e+01
    2.42397e-04     9.96278e+01
    2.44310e-04     1.00387e+02
    2.46238e-04     1.01152e+02
    2.48181e-04     1.01922e+02
    2.50139e-04     1.02698e+02
    2.52113e-04     1.03481e+02
    2.54103e-04     1.04269e+02
    2.56108e-04     1.05063e+02
    2.58129e-04     1.05863e+02
    2.60166e-04     1.06669e+02
    2.62219e-04     1.07481e+02
    2.64288e-04     1.08300e+02
    2.66374e-04     1.09125e+02
    2.68476e-04     1.09955e+02
    2.70594e-04     1.10792e+02
    2.72730e-04     1.11636e+02
    2.74882e-04     1.12485e+02
    2.77051e-04     1.13342e+02
    2.79237e-04     1.14204e+02
    2.81441e-04     1.15074e+02
    2.83662e-04     1.15949e+02
    2.85900e-04     1.16831e+02
    2.88156e-04     1.17720e+02
    2.90430e-04     1.18616e+02
    2.92722e-04     1.19519e+02
    2.95032e-04     1.20428e+02
    2.97360e-04     1.21344e+02
    2.99707e-04     1.22267e+02
    3.02072e-04     1.23197e+02
    3.04455e-04     1.24134e+02
    3.06858e-04     1.25079e+02
    3.09279e-04     1.26030e+02
    3.11720e-04     1.26988e+02
    3.14180e-04     1.27954e+02
    3.16659e-04     1.28927e+02
    3.19158e-04     1.29907e+02
    3.21676e-04     1.30894e+02
    3.24215e-04     1.31890e+02
    3.26773e-04     1.32892e+02
    3.29352e-04     1.33903e+02
    3.31951e-04     1.34920e+02
    3.34570e-04     1.35946e+02
    3.37211e-04     1.36979e+02
    3.39872e-04     1.38020e+02
    3.42554e-04     1.39069e+02
    3.45257e-04     1.40125e+02
    3.47981e-04     1.41190e+02
    3.50727e-04     1.42262e+02
    3.53495e-04     1.43343e+02
    3.56284e-04     1.44432e+02
    3.59096e-04     1.45529e+02
    3.61930e-04     1.46634e+02
    3.64786e-04     1.47747e+02
    3.67664e-04     1.48869e+02
    3.70566e-04     1.49999e+02
    3.73490e-04     1.51138e+02
    3.76437e-04     1.52285e+02
    3.79408e-04     1.53441e+02
    3.82402e-04     1.54605e+02
    3.85419e-04     1.55778e+02
    3.88461e-04     1.56960e+02
    3.91526e-04     1.58150e+02
    3.94616e-04     1.59350e+02
    3.97730e-04     1.60559e+02
    4.00868e-04     1.61776e+02
    4.04032e-04     1.63003e+02
    4.07220e-04     1.64239e+02
    4.10433e-04     1.65484e+02
    4.13672e-04     1.66738e+02
    4.16937e-04     1.68002e+02
    4.20227e-04     1.69276e+02
    4.23543e-04     1.70559e+02
    4.26885e-04     1.71851e+02
    4.30254e-04     1.73153e+02
    4.33649e-04     1.74465e+02
    4.37071e-04     1.75787e+02
    4.40520e-04     1.77118e+02
    4.43996e-04     1.78459e+02
    4.47500e-04     1.79811e+02
    4.51031e-04     1.81172e+02
    4.54590e-04     1.82543e+02
    4.58178e-04     1.83925e+02
    4.61793e-04     1.85317e+02
    4.65437e-04     1.86719e+02
    4.69110e-04     1.88132e+02
    4.72812e-04     1.89555e+02
    4.76543e-04     1.90988e+02
    4.80304e-04     1.92433e+02
    4.84094e-04     1.93888e+02
    4.87914e-04     1.95354e+02
    4.91764e-04     1.96830e+02
    4.95645e-04     1.98318e+02
    4.99556e-04     1.99816e+02
    5.03498e-04     2.01326e+02
    5.07471e-04     2.02847e+02
    5.11476e-04     2.04379e+02
    5.15512e-04     2.05922e+02
    5.19580e-04     2.07477e+02
    5.23680e-04     2.09044e+02
    5.27813e-04     2.10622e+02
    5.31978e-04     2.12211e+02
    5.36176e-04     2.13812e+02
    5.40407e-04     2.15426e+02
    5.44671e-04     2.17050e+02
    5.48969e-04     2.18687e+02
    5.53301e-04     2.20336e+02
    5.57668e-04     2.21997e+02
    5.62068e-04     2.23670e+02
    5.66504e-04     2.25356e+02
    5.70974e-04     2.27054e+02
    5.75480e-04     2.28764e+02
    5.80021e-04     2.30487e+02
    5.84598e-04     2.32222e+02
    5.89211e-04     2.33970e+02
    5.93861e-04     2.35731e+02
    5.98547e-04     2.37505e+02
    6.03270e-04     2.39292e+02
    6.08031e-04     2.41092e+02
    6.12829e-04     2.42905e+02
    6.17665e-04     2.44732e+02
    6.22539e-04     2.46571e+02
    6.27452e-04     2.48425e+02
    6.32403e-04     2.50291e+02
    6.37394e-04     2.52172e+02
    6.42423e-04     2.54066e+02
    6.47493e-04     2.55973e+02
    6.52602e-04     2.57895e+02
    6.57752e-04     2.59831e+02
    6.62943e-04     2.61781e+02
    6.68174e-04     2.63744e+02
    6.73447e-04     2.65723e+02
    6.78761e-04     2.67715e+02
    6.84117e-04     2.69722e+02
    6.89516e-04     2.71744e+02
    6.94957e-04     2.73780e+02
    7.00441e-04     2.75831e+02
    7.05968e-04     2.77897e+02
    7.11539e-04     2.79978e+02
    7.17154e-04     2.82073e+02
    7.22813e-04     2.84184e+02
    7.28517e-04     2.86310e+02
    7.34266e-04     2.88451e+02
    7.40060e-04     2.90608e+02
    7.45900e-04     2.92780e+02
    7.51787e-04     2.94968e+02
    7.57719e-04     2.97171e+02
    7.63698e-04     2.99390e+02
    7.69725e-04     3.01626e+02
    7.75799e-04     3.03877e+02
    7.81921e-04     3.06145e+02
    7.88091e-04     3.08428e+02
    7.94310e-04     3.10728e+02
    8.00578e-04     3.13044e+02
    8.06896e-04     3.15377e+02
    8.13263e-04     3.17726e+02
    8.19681e-04     3.20092e+02
    8.26149e-04     3.22476e+02
    8.32668e-04     3.24875e+02
    8.39239e-04     3.27293e+02
    8.45862e-04     3.29728e+02
    8.52537e-04     3.32179e+02
    8.59264e-04     3.34648e+02
    8.66045e-04     3.37134e+02
    8.72879e-04     3.39638e+02
    8.79767e-04     3.42160e+02
    8.86710e-04     3.44700e+02
    8.93707e-04     3.47257e+02
    9.00759e-04     3.49832e+02
    9.07867e-04     3.52426e+02
    9.15032e-04     3.55038e+02
    9.22252e-04     3.57668e+02
    9.29530e-04     3.60317e+02
    9.36865e-04     3.62984e+02
    9.44258e-04     3.65670e+02
    9.51709e-04     3.68374e+02
    9.59220e-04     3.71098e+02
    9.66789e-04     3.73840e+02
    9.74418e-04     3.76601e+02
    9.82107e-04     3.79383e+02
    9.89858e-04     3.82183e+02
    9.97669e-04     3.85003e+02
    1.00554e-03     3.87841e+02
    1.01348e-03     3.90701e+02
    1.02147e-03     3.93578e+02
    1.02953e-03     3.96476e+02
    1.03766e-03     3.99396e+02
    1.04585e-03     4.02336e+02
    1.05410e-03     4.05294e+02
    1.06242e-03     4.08274e+02
    1.07080e-03     4.11272e+02
    1.07925e-03     4.14293e+02
    1.08777e-03     4.17335e+02
    1.09635e-03     4.20396e+02
    1.10500e-03     4.23479e+02
    1.11372e-03     4.26583e+02
    1.12251e-03     4.29708e+02
    1.13137e-03     4.32856e+02
    1.14030e-03     4.36024e+02
    1.14930e-03     4.39214e+02
    1.15837e-03     4.42426e+02
    1.16751e-03     4.45659e+02
    1.17672e-03     4.48913e+02
    1.18601e-03     4.52191e+02
    1.19537e-03     4.55491e+02
    1.20480e-03     4.58810e+02
    1.21431e-03     4.62155e+02
    1.22389e-03     4.65520e+02
    1.23355e-03     4.68910e+02
    1.24328e-03     4.72319e+02
    1.25309e-03     4.75753e+02
    1.26298e-03     4.79210e+02
    1.27295e-03     4.82691e+02
    1.28299e-03     4.86194e+02
    1.29312e-03     4.89721e+02
    1.30332e-03     4.93269e+02
    1.31360e-03     4.96841e+02
    1.32397e-03     5.00439e+02
    1.33442e-03     5.04060e+02
    1.34495e-03     5.07705e+02
    1.35556e-03     5.11371e+02
    1.36626e-03     5.15064e+02
    1.37704e-03     5.18780e+02
    1.38791e-03     5.22522e+02
    1.39886e-03     5.26286e+02
    1.40990e-03     5.30076e+02
    1.42102e-03     5.33887e+02
    1.43224e-03     5.37729e+02
    1.44354e-03     5.41591e+02
    1.45493e-03     5.45479e+02
    1.46641e-03     5.49392e+02
    1.47798e-03     5.53330e+02
    1.48965e-03     5.57298e+02
    1.50140e-03     5.61285e+02
    1.51325e-03     5.65301e+02
    1.52519e-03     5.69341e+02
    1.53723e-03     5.73409e+02
    1.54936e-03     5.77502e+02
    1.56158e-03     5.81617e+02
    1.57391e-03     5.85764e+02
    1.58633e-03     5.89935e+02
    1.59884e-03     5.94128e+02
    1.61146e-03     5.98353e+02
    1.62418e-03     6.02604e+02
    1.63699e-03     6.06878e+02
    1.64991e-03     6.11181e+02
    1.66293e-03     6.15511e+02
    1.67605e-03     6.19867e+02
    1.68928e-03     6.24252e+02
    1.70261e-03     6.28662e+02
    1.71605e-03     6.33102e+02
    1.72959e-03     6.37566e+02
    1.74324e-03     6.42059e+02
    1.75699e-03     6.46576e+02
    1.77086e-03     6.51125e+02
    1.78483e-03     6.55699e+02
    1.79892e-03     6.60304e+02
    1.81311e-03     6.64933e+02
    1.82742e-03     6.69591e+02
    1.84184e-03     6.74279e+02
    1.85637e-03     6.78990e+02
    1.87102e-03     6.83734e+02
    1.88579e-03     6.88506e+02
    1.90067e-03     6.93305e+02
    1.91567e-03     6.98134e+02
    1.93078e-03     7.02988e+02
    1.94602e-03     7.07874e+02
    1.96138e-03     7.12789e+02
    1.97686e-03     7.17733e+02
    1.99246e-03     7.22704e+02
    2.00818e-03     7.27703e+02
    2.02402e-03     7.32730e+02
    2.04000e-03     7.37791e+02
    2.05609e-03     7.42876e+02
    2.07232e-03     7.47994e+02
    2.08867e-03     7.53138e+02
    2.10516e-03     7.58317e+02
    2.12177e-03     7.63520e+02
    2.13851e-03     7.68753e+02
    2.15539e-03     7.74019e+02
    2.17240e-03     7.79312e+02
    2.18954e-03     7.84634e+02
    2.20682e-03     7.89986e+02
    2.22423e-03     7.95368e+02
    2.24178e-03     8.00778e+02
    2.25947e-03     8.06220e+02
    2.27730e-03     8.11690e+02
    2.29527e-03     8.17191e+02
    2.31339e-03     8.22724e+02
    2.33164e-03     8.28283e+02
    2.35004e-03     8.33875e+02
    2.36859e-03     8.39498e+02
    2.38728e-03     8.45148e+02
    2.40612e-03     8.50830e+02
    2.42510e-03     8.56539e+02
    2.44424e-03     8.62283e+02
    2.46353e-03     8.68055e+02
    2.48297e-03     8.73858e+02
    2.50256e-03     8.79689e+02
    2.52231e-03     8.85552e+02
    2.54221e-03     8.91445e+02
    2.56227e-03     8.97368e+02
    2.58249e-03     9.03323e+02
    2.60287e-03     9.09308e+02
    2.62341e-03     9.15323e+02
    2.64411e-03     9.21368e+02
    2.66498e-03     9.27445e+02
    2.68601e-03     9.33552e+02
    2.70721e-03     9.39689e+02
    2.72857e-03     9.45855e+02
    2.75010e-03     9.52051e+02
    2.77180e-03     9.58277e+02
    2.79368e-03     9.64539e+02
    2.81572e-03     9.70824e+02
    2.83794e-03     9.77143e+02
    2.86034e-03     9.83492e+02
    2.88291e-03     9.89871e+02
    2.90566e-03     9.96279e+02
    2.92859e-03     1.00272e+03
    2.95170e-03     1.00919e+03
    2.97499e-03     1.01569e+03
    2.99846e-03     1.02221e+03
    3.02213e-03     1.02878e+03
    3.04597e-03     1.03536e+03
    3.07001e-03     1.04198e+03
    3.09424e-03     1.04863e+03
    3.11865e-03     1.05531e+03
    3.14326e-03     1.06202e+03
    3.16807e-03     1.06876e+03
    3.19307e-03     1.07552e+03
    3.21827e-03     1.08232e+03
    3.24366e-03     1.08914e+03
    3.26926e-03     1.09600e+03
    3.29506e-03     1.10288e+03
    3.32106e-03     1.10979e+03
    3.34727e-03     1.11673e+03
    3.37368e-03     1.12370e+03
    3.40030e-03     1.13070e+03
    3.42713e-03     1.13773e+03
    3.45418e-03     1.14478e+03
    3.48144e-03     1.15187e+03
    3.50891e-03     1.15898e+03
    3.53660e-03     1.16612e+03
    3.56451e-03     1.17329e+03
    3.59264e-03     1.18048e+03
    3.62099e-03     1.18771e+03
    3.64956e-03     1.19496e+03
    3.67836e-03     1.20224e+03
    3.70739e-03     1.20954e+03
    3.73664e-03     1.21687e+03
    3.76613e-03     1.22423e+03
    3.79585e-03     1.23162e+03
    3.82580e-03     1.23904e+03
    3.85599e-03     1.24647e+03
    3.88642e-03     1.25394e+03
    3.91709e-03     1.26143e+03
    3.94800e-03     1.26895e+03
    3.97915e-03     1.27649e+03
    4.01055e-03     1.28406e+03
    4.04220e-03     1.29165e+03
    4.07410e-03     1.29927e+03
    4.10625e-03     1.30691e+03
    4.13865e-03     1.31458e+03
    4.17131e-03     1.32227e+03
    4.20423e-03     1.32998e+03
    4.23741e-03     1.33772e+03
    4.27084e-03     1.34548e+03
    4.30455e-03     1.35326e+03
    4.33851e-03     1.36107e+03
    4.37275e-03     1.36890e+03
    4.40726e-03     1.37675e+03
    4.44203e-03     1.38462e+03
    4.47709e-03     1.39251e+03
    4.51242e-03     1.40043e+03
    4.54803e-03     1.40836e+03
    4.58392e-03     1.41632e+03
    4.62009e-03     1.42430e+03
    4.65655e-03     1.43230e+03
    4.69329e-03     1.44031e+03
    4.73033e-03     1.44835e+03
    4.76766e-03     1.45640e+03
    4.80528e-03     1.46447e+03
    4.84320e-03     1.47256e+03
    4.88142e-03     1.48067e+03
    4.91994e-03     1.48879e+03
    4.95876e-03     1.49693e+03
    4.99789e-03     1.50509e+03
    5.03733e-03     1.51326e+03
    5.07708e-03     1.52145e+03
    5.11715e-03     1.52966e+03
    5.15753e-03     1.53788e+03
    5.19823e-03     1.54611e+03
    5.23925e-03     1.55436e+03
    5.28059e-03     1.56263e+03
    5.32226e-03     1.57090e+03
    5.36426e-03     1.57919e+03
    5.40659e-03     1.58749e+03
    5.44926e-03     1.59581e+03
    5.49226e-03     1.60413e+03
    5.53560e-03     1.61247e+03
    5.57928e-03     1.62082e+03
    5.62331e-03     1.62918e+03
    5.66768e-03     1.63754e+03
    5.71241e-03     1.64592e+03
    5.75748e-03     1.65430e+03
    5.80292e-03     1.66269e+03
    5.84871e-03     1.67108e+03
    5.89486e-03     1.67948e+03
    5.94138e-03     1.68788e+03
    5.98827e-03     1.69629e+03
    6.03552e-03     1.70470e+03
    6.08315e-03     1.71312e+03
    6.13115e-03     1.72153e+03
    6.17953e-03     1.72994e+03
    6.22830e-03     1.73836e+03
    6.27745e-03     1.74678e+03
    6.32698e-03     1.75520e+03
    6.37691e-03     1.76362e+03
    6.42723e-03     1.77203e+03
    6.47795e-03     1.78045e+03
    6.52907e-03     1.78886e+03
    6.58059e-03     1.79727e+03
    6.63252e-03     1.80567e+03
    6.68486e-03     1.81408e+03
    6.73761e-03     1.82247e+03
    6.79078e-03     1.83086e+03
    6.84437e-03     1.83924e+03
    6.89838e-03     1.84762e+03
    6.95281e-03     1.85598e+03
    7.00768e-03     1.86434e+03
    7.06298e-03     1.87268e+03
    7.11872e-03     1.88102e+03
    7.17489e-03     1.88933e+03
    7.23151e-03     1.89764e+03
    7.28857e-03     1.90593e+03
    7.34609e-03     1.91420e+03
    7.40406e-03     1.92246e+03
    7.46249e-03     1.93070e+03
    7.52138e-03     1.93892e+03
    7.58073e-03     1.94712e+03
    7.64055e-03     1.95530e+03
    7.70084e-03     1.96346e+03
    7.76161e-03     1.97161e+03
    7.82286e-03     1.97972e+03
    7.88459e-03     1.98782e+03
    7.94681e-03     1.99589e+03
    8.00952e-03     2.00393e+03
    8.07273e-03     2.01196e+03
    8.13643e-03     2.01995e+03
    8.20064e-03     2.02792e+03
    8.26535e-03     2.03586e+03
    8.33057e-03     2.04377e+03
    8.39631e-03     2.05165e+03
    8.46257e-03     2.05949e+03
    8.52935e-03     2.06730e+03
    8.59666e-03     2.07508e+03
    8.66449e-03     2.08283e+03
    8.73287e-03     2.09053e+03
    8.80178e-03     2.09820e+03
    8.87124e-03     2.10582e+03
    8.94124e-03     2.11341e+03
    9.01180e-03     2.12096e+03
    9.08291e-03     2.12845e+03
    9.15459e-03     2.13591e+03
    9.22683e-03     2.14332e+03
    9.29964e-03     2.15069e+03
    9.37303e-03     2.15801e+03
    9.44699e-03     2.16527e+03
    9.52154e-03     2.17249e+03
    9.59667e-03     2.17965e+03
    9.67240e-03     2.18677e+03
    9.74873e-03     2.19382e+03
    9.82566e-03     2.20083e+03
    9.90320e-03     2.20777e+03
    9.98135e-03     2.21466e+03
    1.00601e-02     2.22148e+03
    1.01395e-02     2.22826e+03
    1.02195e-02     2.23496e+03
    1.03002e-02     2.24161e+03
    1.03814e-02     2.24817e+03
    1.04634e-02     2.25469e+03
    1.05459e-02     2.26112e+03
    1.06291e-02     2.26748e+03
    1.07130e-02     2.27379e+03
    1.07976e-02     2.28003e+03
    1.08828e-02     2.28618e+03
    1.09686e-02     2.29224e+03
    1.10552e-02     2.29825e+03
    1.11424e-02     2.30416e+03
    1.12304e-02     2.31002e+03
    1.13190e-02     2.31577e+03
    1.14083e-02     2.32144e+03
    1.14983e-02     2.32703e+03
    1.15891e-02     2.33255e+03
    1.16805e-02     2.33796e+03
    1.17727e-02     2.34330e+03
    1.18656e-02     2.34854e+03
    1.19592e-02     2.35368e+03
    1.20536e-02     2.35874e+03
    1.21487e-02     2.36369e+03
    1.22446e-02     2.36857e+03
    1.23412e-02     2.37333e+03
    1.24386e-02     2.37800e+03
    1.25368e-02     2.38257e+03
    1.26357e-02     2.38702e+03
    1.27354e-02     2.39138e+03
    1.28359e-02     2.39563e+03
    1.29372e-02     2.39978e+03
    1.30393e-02     2.40381e+03
    1.31422e-02     2.40773e+03
    1.32459e-02     2.41154e+03
    1.33504e-02     2.41523e+03
    1.34558e-02     2.41882e+03
    1.35619e-02     2.42226e+03
    1.36690e-02     2.42561e+03
    1.37768e-02     2.42882e+03
    1.38855e-02     2.43191e+03
    1.39951e-02     2.43489e+03
    1.41056e-02     2.43775e+03
    1.42169e-02     2.44046e+03
    1.43291e-02     2.44305e+03
    1.44421e-02     2.44549e+03
    1.45561e-02     2.44782e+03
    1.46710e-02     2.45002e+03
    1.47867e-02     2.45205e+03
    1.49034e-02     2.45397e+03
    1.50210e-02     2.45575e+03
    1.51396e-02     2.45739e+03
    1.52590e-02     2.45887e+03
    1.53794e-02     2.46022e+03
    1.55008e-02     2.46143e+03
    1.56231e-02     2.46248e+03
    1.57464e-02     2.46339e+03
    1.58707e-02     2.46416e+03
    1.59959e-02     2.46476e+03
    1.61221e-02     2.46521e+03
    1.62494e-02     2.46552e+03
    1.63776e-02     2.46566e+03
    1.65068e-02     2.46564e+03
    1.66371e-02     2.46548e+03
    1.67684e-02     2.46515e+03
    1.69007e-02     2.46466e+03
    1.70341e-02     2.46401e+03
    1.71685e-02     2.46319e+03
    1.73040e-02     2.46221e+03
    1.74405e-02     2.46106e+03
    1.75781e-02     2.45974e+03
    1.77168e-02     2.45825e+03
    1.78567e-02     2.45660e+03
    1.79976e-02     2.45478e+03
    1.81396e-02     2.45278e+03
    1.82827e-02     2.45060e+03
    1.84270e-02     2.44827e+03
    1.85724e-02     2.44574e+03
    1.87190e-02     2.44306e+03
    1.88667e-02     2.44018e+03
    1.90156e-02     2.43714e+03
    1.91656e-02     2.43391e+03
    1.93169e-02     2.43051e+03
    1.94693e-02     2.42693e+03
    1.96229e-02     2.42316e+03
    1.97778e-02     2.41923e+03
    1.99339e-02     2.41511e+03
    2.00912e-02     2.41081e+03
    2.02497e-02     2.40632e+03
    2.04095e-02     2.40166e+03
    2.05705e-02     2.39680e+03
    2.07329e-02     2.39179e+03
    2.08965e-02     2.38657e+03
    2.10614e-02     2.38119e+03
    2.12276e-02     2.37562e+03
    2.13951e-02     2.36986e+03
    2.15639e-02     2.36393e+03
    2.17341e-02     2.35782e+03
    2.19056e-02     2.35152e+03
    2.20785e-02     2.34506e+03
    2.22527e-02     2.33840e+03
    2.24283e-02     2.33157e+03
    2.26053e-02     2.32456e+03
    2.27837e-02     2.31737e+03
    2.29635e-02     2.31001e+03
    2.31447e-02     2.30247e+03
    2.33273e-02     2.29475e+03
    2.35114e-02     2.28687e+03
    2.36969e-02     2.27880e+03
    2.38839e-02     2.27057e+03
    2.40724e-02     2.26217e+03
    2.42623e-02     2.25360e+03
    2.44538e-02     2.24487e+03
    2.46468e-02     2.23597e+03
    2.48413e-02     2.22690e+03
    2.50373e-02     2.21768e+03
    2.52349e-02     2.20830e+03
    2.54340e-02     2.19875e+03
    2.56347e-02     2.18906e+03
    2.58370e-02     2.17922e+03
    2.60409e-02     2.16922e+03
    2.62464e-02     2.15908e+03
    2.64535e-02     2.14880e+03
    2.66622e-02     2.13837e+03
    2.68726e-02     2.12781e+03
    2.70847e-02     2.11712e+03
    2.72984e-02     2.10629e+03
    2.75139e-02     2.09535e+03
    2.77310e-02     2.08426e+03
    2.79498e-02     2.07305e+03
    2.81704e-02     2.06174e+03
    2.83927e-02     2.05031e+03
    2.86167e-02     2.03876e+03
    2.88425e-02     2.02711e+03
    2.90701e-02     2.01535e+03
    2.92995e-02     2.00350e+03
    2.95307e-02     1.99155e+03
    2.97638e-02     1.97951e+03
    2.99986e-02     1.96738e+03
    3.02354e-02     1.95518e+03
    3.04740e-02     1.94290e+03
    3.07144e-02     1.93054e+03
    3.09568e-02     1.91812e+03
    3.12011e-02     1.90563e+03
    3.14473e-02     1.89308e+03
    3.16955e-02     1.88048e+03
    3.19456e-02     1.86783e+03
    3.21977e-02     1.85514e+03
    3.24518e-02     1.84241e+03
    3.27078e-02     1.82964e+03
    3.29659e-02     1.81685e+03
    3.32261e-02     1.80405e+03
    3.34883e-02     1.79121e+03
    3.37525e-02     1.77837e+03
    3.40189e-02     1.76551e+03
    3.42873e-02     1.75266e+03
    3.45579e-02     1.73982e+03
    3.48306e-02     1.72698e+03
    3.51055e-02     1.71416e+03
    3.53825e-02     1.70135e+03
    3.56617e-02     1.68857e+03
    3.59431e-02     1.67582e+03
    3.62268e-02     1.66312e+03
    3.65126e-02     1.65045e+03
    3.68008e-02     1.63783e+03
    3.70912e-02     1.62526e+03
    3.73839e-02     1.61275e+03
    3.76789e-02     1.60029e+03
    3.79762e-02     1.58792e+03
    3.82759e-02     1.57561e+03
    3.85779e-02     1.56337e+03
    3.88823e-02     1.55123e+03
    3.91892e-02     1.53917e+03
    3.94984e-02     1.52721e+03
    3.98101e-02     1.51534e+03
    4.01243e-02     1.50357e+03
    4.04409e-02     1.49191e+03
    4.07600e-02     1.48036e+03
    4.10817e-02     1.46893e+03
    4.14059e-02     1.45761e+03
    4.17326e-02     1.44642e+03
    4.20619e-02     1.43534e+03
    4.23938e-02     1.42440e+03
    4.27284e-02     1.41359e+03
    4.30656e-02     1.40291e+03
    4.34054e-02     1.39238e+03
    4.37479e-02     1.38199e+03
    4.40931e-02     1.37174e+03
    4.44411e-02     1.36164e+03
    4.47918e-02     1.35169e+03
    4.51452e-02     1.34188e+03
    4.55015e-02     1.33223e+03
    4.58606e-02     1.32274e+03
    4.62225e-02     1.31339e+03
    4.65872e-02     1.30420e+03
    4.69548e-02     1.29516e+03
    4.73254e-02     1.28628e+03
    4.76988e-02     1.27755e+03
    4.80752e-02     1.26899e+03
    4.84546e-02     1.26058e+03
    4.88370e-02     1.25231e+03
    4.92223e-02     1.24421e+03
    4.96108e-02     1.23626e+03
    5.00023e-02     1.22845e+03
    5.03968e-02     1.22079e+03
    5.07945e-02     1.21328e+03
    5.11954e-02     1.20591e+03
    5.15994e-02     1.19867e+03
    5.20065e-02     1.19157e+03
    5.24169e-02     1.18460e+03
    5.28306e-02     1.17776e+03
    5.32475e-02     1.17104e+03
    5.36676e-02     1.16444e+03
    5.40912e-02     1.15795e+03
    5.45180e-02     1.15157e+03
    5.49482e-02     1.14529e+03
    5.53818e-02     1.13911e+03
    5.58188e-02     1.13301e+03
    5.62593e-02     1.12699e+03
    5.67033e-02     1.12105e+03
    5.71507e-02     1.11517e+03
    5.76017e-02     1.10935e+03
    5.80563e-02     1.10360e+03
    5.85144e-02     1.09787e+03
    5.89762e-02     1.09219e+03
    5.94416e-02     1.08653e+03
    5.99106e-02     1.08089e+03
    6.03834e-02     1.07526e+03
    6.08599e-02     1.06962e+03
    6.13401e-02     1.06396e+03
    6.18242e-02     1.05830e+03
    6.23121e-02     1.05261e+03
    6.28038e-02     1.04687e+03
    6.32994e-02     1.04109e+03
    6.37989e-02     1.03525e+03
    6.43023e-02     1.02935e+03
    6.48098e-02     1.02337e+03
    6.53212e-02     1.01730e+03
    6.58367e-02     1.01114e+03
    6.63562e-02     1.00487e+03
    6.68798e-02     9.98496e+02
    6.74076e-02     9.92008e+02
    6.79395e-02     9.85396e+02
    6.84756e-02     9.78659e+02
    6.90160e-02     9.71771e+02
    6.95606e-02     9.64729e+02
    7.01095e-02     9.57546e+02
    7.06628e-02     9.50212e+02
    7.12204e-02     9.42716e+02
    7.17824e-02     9.35060e+02
    7.23489e-02     9.27236e+02
    7.29198e-02     9.19261e+02
    7.34952e-02     9.11109e+02
    7.40752e-02     9.02791e+02
    7.46597e-02     8.94306e+02
    7.52489e-02     8.85657e+02
    7.58427e-02     8.76853e+02
    7.64412e-02     8.67897e+02
    7.70444e-02     8.58778e+02
    7.76524e-02     8.49520e+02
    7.82651e-02     8.40121e+02
    7.88827e-02     8.30575e+02
    7.95052e-02     8.20921e+02
    8.01326e-02     8.11142e+02
    8.07650e-02     8.01259e+02
    8.14023e-02     7.91281e+02
    8.20447e-02     7.81212e+02
    8.26921e-02     7.71079e+02
    8.33446e-02     7.60886e+02
    8.40023e-02     7.50644e+02
    8.46652e-02     7.40381e+02
    8.53333e-02     7.30099e+02
    8.60067e-02     7.19818e+02
    8.66854e-02     7.09557e+02
    8.73694e-02     6.99326e+02
    8.80589e-02     6.89146e+02
    8.87538e-02     6.79024e+02
    8.94542e-02     6.68990e+02
    9.01601e-02     6.59061e+02
    9.08715e-02     6.49238e+02
    9.15886e-02     6.39548e+02
    9.23114e-02     6.30009e+02
    9.30398e-02     6.20619e+02
    9.37740e-02     6.11396e+02
    9.45140e-02     6.02358e+02
    9.52598e-02     5.93512e+02
    9.60116e-02     5.84875e+02
    9.67692e-02     5.76463e+02
    9.75328e-02     5.68292e+02
    9.83025e-02     5.60361e+02
    9.90782e-02     5.52669e+02
    9.98601e-02     5.45239e+02
    1.00648e-01     5.38054e+02
    1.01442e-01     5.31127e+02
    1.02243e-01     5.24472e+02
    1.03050e-01     5.18081e+02
    1.03863e-01     5.11953e+02
    1.04682e-01     5.06095e+02
    1.05508e-01     5.00502e+02
    1.06341e-01     4.95156e+02
    1.07180e-01     4.90060e+02
    1.08026e-01     4.85209e+02
    1.08878e-01     4.80581e+02
    1.09738e-01     4.76184e+02
    1.10604e-01     4.72001e+02
    1.11476e-01     4.68006e+02
    1.12356e-01     4.64207e+02
    1.13243e-01     4.60566e+02
    1.14136e-01     4.57080e+02
    1.15037e-01     4.53730e+02
    1.15945e-01     4.50489e+02
    1.16860e-01     4.47347e+02
    1.17782e-01     4.44279e+02
    1.18711e-01     4.41268e+02
    1.19648e-01     4.38294e+02
    1.20592e-01     4.35335e+02
    1.21544e-01     4.32370e+02
    1.22503e-01     4.29378e+02
    1.23470e-01     4.26329e+02
    1.24444e-01     4.23211e+02
    1.25426e-01     4.20017e+02
    1.26416e-01     4.16723e+02
    1.27413e-01     4.13313e+02
    1.28419e-01     4.09774e+02
    1.29432e-01     4.06084e+02
    1.30454e-01     4.02239e+02
    1.31483e-01     3.98228e+02
    1.32521e-01     3.94056e+02
    1.33566e-01     3.89713e+02
    1.34620e-01     3.85202e+02
    1.35683e-01     3.80521e+02
    1.36753e-01     3.75666e+02
    1.37833e-01     3.70657e+02
    1.38920e-01     3.65497e+02
    1.40017e-01     3.60208e+02
    1.41121e-01     3.54796e+02
    1.42235e-01     3.49281e+02
    1.43357e-01     3.43678e+02
    1.44489e-01     3.38010e+02
    1.45629e-01     3.32296e+02
    1.46778e-01     3.26562e+02
    1.47936e-01     3.20830e+02
    1.49104e-01     3.15125e+02
    1.50280e-01     3.09468e+02
    1.51466e-01     3.03883e+02
    1.52661e-01     2.98389e+02
    1.53866e-01     2.93011e+02
    1.55080e-01     2.87769e+02
    1.56304e-01     2.82685e+02
    1.57538e-01     2.77770e+02
    1.58781e-01     2.73035e+02
    1.60034e-01     2.68495e+02
    1.61297e-01     2.64162e+02
    1.62569e-01     2.60044e+02
    1.63852e-01     2.56145e+02
    1.65145e-01     2.52462e+02
    1.66448e-01     2.48992e+02
    1.67762e-01     2.45737e+02
    1.69086e-01     2.42689e+02
    1.70420e-01     2.39836e+02
    1.71765e-01     2.37167e+02
    1.73120e-01     2.34663e+02
    1.74486e-01     2.32311e+02
    1.75863e-01     2.30094e+02
    1.77251e-01     2.27990e+02
    1.78650e-01     2.25977e+02
    1.80060e-01     2.24032e+02
    1.81481e-01     2.22132e+02
    1.82913e-01     2.20254e+02
    1.84356e-01     2.18379e+02
    1.85811e-01     2.16482e+02
    1.87277e-01     2.14540e+02
    1.88755e-01     2.12535e+02
    1.90244e-01     2.10452e+02
    1.91746e-01     2.08280e+02
    1.93259e-01     2.06003e+02
    1.94784e-01     2.03610e+02
    1.96321e-01     2.01101e+02
    1.97870e-01     1.98476e+02
    1.99432e-01     1.95738e+02
    2.01005e-01     1.92888e+02
    2.02592e-01     1.89939e+02
    2.04190e-01     1.86903e+02
    2.05802e-01     1.83798e+02
    2.07426e-01     1.80639e+02
    2.09062e-01     1.77443e+02
    2.10712e-01     1.74235e+02
    2.12375e-01     1.71035e+02
    2.14051e-01     1.67865e+02
    2.15740e-01     1.64744e+02
    2.17442e-01     1.61691e+02
    2.19158e-01     1.58726e+02
    2.20888e-01     1.55865e+02
    2.22631e-01     1.53120e+02
    2.24388e-01     1.50499e+02
    2.26158e-01     1.48014e+02
    2.27943e-01     1.45668e+02
    2.29742e-01     1.43460e+02
    2.31555e-01     1.41386e+02
    2.33382e-01     1.39443e+02
    2.35224e-01     1.37622e+02
    2.37080e-01     1.35909e+02
    2.38951e-01     1.34292e+02
    2.40836e-01     1.32756e+02
    2.42737e-01     1.31284e+02
    2.44652e-01     1.29857e+02
    2.46583e-01     1.28456e+02
    2.48529e-01     1.27065e+02
    2.50490e-01     1.25667e+02
    2.52467e-01     1.24245e+02
    2.54459e-01     1.22787e+02
    2.56467e-01     1.21285e+02
    2.58491e-01     1.19726e+02
    2.60530e-01     1.18108e+02
    2.62586e-01     1.16431e+02
    2.64658e-01     1.14697e+02
    2.66747e-01     1.12910e+02
    2.68852e-01     1.11080e+02
    2.70973e-01     1.09215e+02
    2.73112e-01     1.07330e+02
    2.75267e-01     1.05437e+02
    2.77439e-01     1.03553e+02
    2.79628e-01     1.01690e+02
    2.81835e-01     9.98638e+01
    2.84059e-01     9.80860e+01
    2.86301e-01     9.63678e+01
    2.88560e-01     9.47165e+01
    2.90837e-01     9.31383e+01
    2.93132e-01     9.16372e+01
    2.95445e-01     9.02124e+01
    2.97777e-01     8.88622e+01
    3.00127e-01     8.75810e+01
    3.02495e-01     8.63617e+01
    3.04882e-01     8.51949e+01
    3.07288e-01     8.40701e+01
    3.09713e-01     8.29761e+01
    3.12157e-01     8.19017e+01
    3.14620e-01     8.08353e+01
    3.17103e-01     7.97668e+01
    3.19605e-01     7.86880e+01
    3.22127e-01     7.75924e+01
    3.24669e-01     7.64752e+01
    3.27231e-01     7.53355e+01
    3.29813e-01     7.41726e+01
    3.32416e-01     7.29900e+01
    3.35039e-01     7.17928e+01
    3.37683e-01     7.05872e+01
    3.40348e-01     6.93813e+01
    3.43034e-01     6.81829e+01
    3.45741e-01     6.70005e+01
    3.48469e-01     6.58421e+01
    3.51219e-01     6.47149e+01
    3.53990e-01     6.36222e+01
    3.56784e-01     6.25694e+01
    3.59599e-01     6.15563e+01
    3.62437e-01     6.05839e+01
    3.65297e-01     5.96496e+01
    3.68179e-01     5.87493e+01
    3.71085e-01     5.78787e+01
    3.74013e-01     5.70311e+01
    3.76965e-01     5.62006e+01
    3.79939e-01     5.53808e+01
    3.82937e-01     5.45660e+01
    3.85959e-01     5.37522e+01
    3.89005e-01     5.29353e+01
    3.92075e-01     5.21144e+01
    3.95169e-01     5.12885e+01
    3.98287e-01     5.04584e+01
    4.01430e-01     4.96269e+01
    4.04598e-01     4.87972e+01
    4.07791e-01     4.79734e+01
    4.11009e-01     4.71599e+01
    4.14252e-01     4.63609e+01
    4.17521e-01     4.55789e+01
    4.20816e-01     4.48175e+01
    4.24136e-01     4.40771e+01
    4.27483e-01     4.33592e+01
    4.30857e-01     4.26625e+01
    4.34257e-01     4.19853e+01
    4.37683e-01     4.13246e+01
    4.41137e-01     4.06780e+01
    4.44618e-01     4.00424e+01
    4.48127e-01     3.94150e+01
    4.51663e-01     3.87933e+01
    4.55227e-01     3.81746e+01
    4.58820e-01     3.75589e+01
    4.62440e-01     3.69457e+01
    4.66090e-01     3.63361e+01
    4.69768e-01     3.57306e+01
    4.73475e-01     3.51310e+01
    4.77211e-01     3.45388e+01
    4.80977e-01     3.39573e+01
    4.84772e-01     3.33863e+01
    4.88598e-01     3.28281e+01
    4.92453e-01     3.22825e+01
    4.96339e-01     3.17496e+01
    5.00256e-01     3.12283e+01
    5.04204e-01     3.07181e+01
    5.08182e-01     3.02176e+01
    5.12193e-01     2.97251e+01
    5.16234e-01     2.92390e+01
    5.20308e-01     2.87586e+01
    5.24414e-01     2.82834e+01
    5.28552e-01     2.78130e+01
    5.32723e-01     2.73474e+01
    5.36927e-01     2.68874e+01
    5.41164e-01     2.64336e+01
    5.45435e-01     2.59863e+01
    5.49739e-01     2.55459e+01
    5.54077e-01     2.51123e+01
    5.58449e-01     2.46853e+01
    5.62856e-01     2.42655e+01
    5.67298e-01     2.38526e+01
    5.71774e-01     2.34464e+01
    5.76286e-01     2.30470e+01
    5.80834e-01     2.26544e+01
    5.85417e-01     2.22685e+01
    5.90037e-01     2.18889e+01
    5.94693e-01     2.15164e+01
    5.99386e-01     2.11504e+01
    6.04116e-01     2.07907e+01
    6.08883e-01     2.04371e+01
    6.13688e-01     2.00901e+01
    6.18531e-01     1.97492e+01
    6.23412e-01     1.94143e+01
    6.28331e-01     1.90853e+01
    6.33289e-01     1.87621e+01
    6.38287e-01     1.84446e+01
    6.43324e-01     1.81325e+01
    6.48400e-01     1.78258e+01
    6.53517e-01     1.75243e+01
    6.58674e-01     1.72278e+01
    6.63872e-01     1.69360e+01
    6.69110e-01     1.66489e+01
    6.74391e-01     1.63662e+01
    6.79712e-01     1.60876e+01
    6.85076e-01     1.58130e+01
    6.90482e-01     1.55423e+01
    6.95931e-01     1.52755e+01
    7.01423e-01     1.50127e+01
    7.06958e-01     1.47537e+01
    7.12536e-01     1.44987e+01
    7.18159e-01     1.42477e+01
    7.23826e-01     1.40006e+01
    7.29538e-01     1.37573e+01
    7.35295e-01     1.35180e+01
    7.41098e-01     1.32826e+01
    7.46946e-01     1.30511e+01
    7.52840e-01     1.28233e+01
    7.58781e-01     1.25995e+01
    7.64769e-01     1.23793e+01
    7.70804e-01     1.21629e+01
    7.76886e-01     1.19502e+01
    7.83017e-01     1.17412e+01
    7.89196e-01     1.15357e+01
    7.95423e-01     1.13337e+01
    8.01700e-01     1.11353e+01
    8.08027e-01     1.09402e+01
    8.14403e-01     1.07484e+01
    8.20830e-01     1.05599e+01
    8.27307e-01     1.03745e+01
    8.33835e-01     1.01922e+01
    8.40415e-01     1.00129e+01
    8.47047e-01     9.83645e+00
    8.53732e-01     9.66278e+00
    8.60468e-01     9.49179e+00
    8.67259e-01     9.32353e+00
    8.74102e-01     9.15797e+00
    8.81000e-01     8.99512e+00
    8.87952e-01     8.83499e+00
    8.94959e-01     8.67753e+00
    9.02022e-01     8.52277e+00
    9.09140e-01     8.37066e+00
    9.16314e-01     8.22118e+00
    9.23545e-01     8.07437e+00
    9.30833e-01     7.93013e+00
    9.38178e-01     7.78850e+00
    9.45581e-01     7.64939e+00
    9.53043e-01     7.51280e+00
    9.60564e-01     7.37871e+00
    9.68144e-01     7.24704e+00
    9.75784e-01     7.11779e+00
    9.83484e-01     6.99088e+00
    9.91245e-01     6.86630e+00
    9.99067e-01     6.74395e+00
    1.00695e+00     6.62382e+00
    1.01490e+00     6.50583e+00
    1.02291e+00     6.38991e+00
    1.03098e+00     6.27599e+00
    1.03911e+00     6.16399e+00
    1.04731e+00     6.05390e+00
    1.05558e+00     5.94563e+00
    1.06391e+00     5.83903e+00
    1.07230e+00     5.73410e+00
    1.08076e+00     5.63078e+00
    1.08929e+00     5.52916e+00
    1.09789e+00     5.42920e+00
    1.10655e+00     5.33083e+00
    1.11528e+00     5.23414e+00
    1.12409e+00     5.13912e+00
    1.13296e+00     5.04569e+00
    1.14190e+00     4.95388e+00
    1.15091e+00     4.86366e+00
    1.15999e+00     4.77506e+00
    1.16914e+00     4.68804e+00
    1.17837e+00     4.60260e+00
    1.18767e+00     4.51871e+00
    1.19704e+00     4.43635e+00
    1.20649e+00     4.35551e+00
    1.21601e+00     4.27611e+00
    1.22560e+00     4.19819e+00
    1.23527e+00     4.12172e+00
    1.24502e+00     4.04666e+00
    1.25485e+00     3.97297e+00
    1.26475e+00     3.90060e+00
    1.27473e+00     3.82954e+00
    1.28479e+00     3.75976e+00
    1.29493e+00     3.69119e+00
    1.30515e+00     3.62383e+00
    1.31544e+00     3.55756e+00
    1.32583e+00     3.49245e+00
    1.33629e+00     3.42835e+00
    1.34683e+00     3.36531e+00
    1.35746e+00     3.30332e+00
    1.36817e+00     3.24234e+00
    1.37897e+00     3.18245e+00
    1.38985e+00     3.12356e+00
    1.40082e+00     3.06572e+00
    1.41187e+00     3.00889e+00
    1.42301e+00     2.95310e+00
    1.43424e+00     2.89831e+00
    1.44556e+00     2.84453e+00
    1.45697e+00     2.79176e+00
    1.46847e+00     2.73995e+00
    1.48005e+00     2.68909e+00
    1.49173e+00     2.63922e+00
    1.50351e+00     2.59030e+00
    1.51537e+00     2.54230e+00
    1.52733e+00     2.49519e+00
    1.53938e+00     2.44900e+00
    1.55153e+00     2.40368e+00
    1.56377e+00     2.35919e+00
    1.57611e+00     2.31555e+00
    1.58855e+00     2.27273e+00
    1.60108e+00     2.23067e+00
    1.61372e+00     2.18937e+00
    1.62645e+00     2.14882e+00
    1.63929e+00     2.10896e+00
    1.65222e+00     2.06978e+00
    1.66526e+00     2.03124e+00
    1.67840e+00     1.99334e+00
    1.69165e+00     1.95608e+00
    1.70500e+00     1.91944e+00
    1.71845e+00     1.88344e+00
    1.73201e+00     1.84805e+00
    1.74568e+00     1.81329e+00
    1.75945e+00     1.77916e+00
    1.77334e+00     1.74565e+00
    1.78733e+00     1.71276e+00
    1.80144e+00     1.68048e+00
    1.81565e+00     1.64878e+00
    1.82998e+00     1.61769e+00
    1.84442e+00     1.58719e+00
    1.85898e+00     1.55728e+00
    1.87365e+00     1.52794e+00
    1.88843e+00     1.49915e+00
    1.90333e+00     1.47092e+00
    1.91835e+00     1.44325e+00
    1.93349e+00     1.41610e+00
    1.94875e+00     1.38948e+00
    1.96413e+00     1.36336e+00
    1.97963e+00     1.33772e+00
    1.99525e+00     1.31258e+00
    2.01099e+00     1.28789e+00
    2.02686e+00     1.26365e+00
    2.04286e+00     1.23985e+00
    2.05898e+00     1.21647e+00
    2.07522e+00     1.19347e+00
    2.09160e+00     1.17086e+00
    2.10811e+00     1.14865e+00
    2.12474e+00     1.12679e+00
    2.14151e+00     1.10535e+00
    2.15841e+00     1.08427e+00
    2.17544e+00     1.06358e+00
    2.19261e+00     1.04327e+00
    2.20991e+00     1.02332e+00
    2.22735e+00     1.00375e+00
    2.24492e+00     9.84559e-01
    2.26264e+00     9.65725e-01
    2.28049e+00     9.47257e-01
    2.29849e+00     9.29130e-01
    2.31663e+00     9.11368e-01
    2.33491e+00     8.93954e-01
    2.35333e+00     8.76883e-01
    2.37190e+00     8.60141e-01
    2.39062e+00     8.43742e-01
    2.40949e+00     8.27651e-01
    2.42850e+00     8.11879e-01
    2.44766e+00     7.96410e-01
    2.46698e+00     7.81245e-01
    2.48645e+00     7.66364e-01
    2.50607e+00     7.51766e-01
    2.52584e+00     7.37439e-01
    2.54578e+00     7.23375e-01
    2.56587e+00     7.09560e-01
    2.58611e+00     6.95982e-01
    2.60652e+00     6.82638e-01
    2.62709e+00     6.69522e-01
    2.64782e+00     6.56635e-01
    2.66871e+00     6.43976e-01
    2.68977e+00     6.31544e-01
    2.71100e+00     6.19340e-01
    2.73239e+00     6.07359e-01
    2.75395e+00     5.95602e-01
    2.77569e+00     5.84069e-01
    2.79759e+00     5.72755e-01
    2.81967e+00     5.61658e-01
    2.84192e+00     5.50777e-01
    2.86434e+00     5.40109e-01
    2.88695e+00     5.29650e-01
    2.90973e+00     5.19400e-01
    2.93269e+00     5.09352e-01
    2.95583e+00     4.99504e-01
    2.97916e+00     4.89853e-01
    3.00267e+00     4.80393e-01
    3.02636e+00     4.71121e-01
    3.05024e+00     4.62033e-01
    3.07431e+00     4.53122e-01
    3.09857e+00     4.44385e-01
    3.12302e+00     4.35817e-01
    3.14767e+00     4.27411e-01
    3.17251e+00     4.19160e-01
    3.19754e+00     4.11060e-01
    3.22278e+00     4.03104e-01
    3.24821e+00     3.95285e-01
    3.27384e+00     3.87601e-01
    3.29967e+00     3.80053e-01
    3.32571e+00     3.72641e-01
    3.35196e+00     3.65363e-01
    3.37841e+00     3.58220e-01
    3.40507e+00     3.51209e-01
    3.43194e+00     3.44332e-01
    3.45902e+00     3.37585e-01
    3.48632e+00     3.30969e-01
    3.51383e+00     3.24481e-01
    3.54155e+00     3.18121e-01
    3.56950e+00     3.11888e-01
    3.59767e+00     3.05778e-01
    3.62606e+00     2.99791e-01
    3.65467e+00     2.93925e-01
    3.68351e+00     2.88176e-01
    3.71258e+00     2.82545e-01
    3.74188e+00     2.77027e-01
    3.77141e+00     2.71620e-01
    3.80117e+00     2.66322e-01
    3.83116e+00     2.61129e-01
    3.86140e+00     2.56039e-01
    3.89187e+00     2.51048e-01
    3.92258e+00     2.46154e-01
    3.95353e+00     2.41352e-01
    3.98473e+00     2.36640e-01
    4.01617e+00     2.32012e-01
    4.04787e+00     2.27466e-01
    4.07981e+00     2.23001e-01
    4.11200e+00     2.18613e-01
    4.14445e+00     2.14306e-01
    4.17716e+00     2.10079e-01
    4.21012e+00     2.05928e-01
    4.24334e+00     2.01856e-01
    4.27683e+00     1.97863e-01
    4.31058e+00     1.93945e-01
    4.34459e+00     1.90104e-01
    4.37888e+00     1.86339e-01
    4.41343e+00     1.82648e-01
    4.44826e+00     1.79032e-01
    4.48336e+00     1.75488e-01
    4.51874e+00     1.72016e-01
    4.55440e+00     1.68614e-01
    4.59034e+00     1.65283e-01
    4.62656e+00     1.62019e-01
    4.66307e+00     1.58822e-01
    4.69987e+00     1.55691e-01
    4.73696e+00     1.52623e-01
    4.77434e+00     1.49617e-01
    4.81201e+00     1.46671e-01
    4.84999e+00     1.43784e-01
    4.88826e+00     1.40953e-01
    4.92683e+00     1.38177e-01
    4.96571e+00     1.35453e-01
    5.00490e+00     1.32779e-01
    5.04439e+00     1.30154e-01
    5.08420e+00     1.27576e-01
    5.12432e+00     1.25042e-01
    5.16476e+00     1.22556e-01
    5.20551e+00     1.20115e-01
    5.24659e+00     1.17720e-01
    5.28799e+00     1.15370e-01
    5.32972e+00     1.13066e-01
    5.37178e+00     1.10806e-01
    5.41417e+00     1.08591e-01
    5.45689e+00     1.06420e-01
    5.49995e+00     1.04292e-01
    5.54335e+00     1.02207e-01
    5.58710e+00     1.00165e-01
    5.63119e+00     9.81640e-02
    5.67562e+00     9.62048e-02
    5.72041e+00     9.42857e-02
    5.76555e+00     9.24063e-02
    5.81105e+00     9.05655e-02
    5.85691e+00     8.87630e-02
    5.90312e+00     8.69977e-02
    5.94971e+00     8.52687e-02
    5.99666e+00     8.35740e-02
    6.04398e+00     8.19142e-02
    6.09167e+00     8.02875e-02
    6.13974e+00     7.86921e-02
    6.18819e+00     7.71273e-02
    6.23703e+00     7.55927e-02
    6.28624e+00     7.40849e-02
    6.33585e+00     7.26050e-02
    6.38585e+00     7.11517e-02
    6.43624e+00     6.97249e-02
    6.48703e+00     6.83246e-02
    6.53822e+00     6.69505e-02
    6.58982e+00     6.56026e-02
    6.64182e+00     6.42812e-02
    6.69423e+00     6.29856e-02
    6.74705e+00     6.17155e-02
    6.80030e+00     6.04708e-02
    6.85396e+00     5.92506e-02
    6.90805e+00     5.80562e-02
    6.96256e+00     5.68858e-02
    7.01750e+00     5.57401e-02
    7.07288e+00     5.46176e-02
    7.12869e+00     5.35186e-02
    7.18495e+00     5.24424e-02
    7.24164e+00     5.13888e-02
    7.29879e+00     5.03576e-02
    7.35639e+00     4.93473e-02
    7.41444e+00     4.83578e-02
    7.47295e+00     4.73896e-02
    7.53192e+00     4.64399e-02
    7.59135e+00     4.55105e-02
    7.65126e+00     4.45988e-02
    7.71163e+00     4.37052e-02
    7.77249e+00     4.28283e-02
    7.83382e+00     4.19681e-02
    7.89564e+00     4.11232e-02
    7.95795e+00     4.02936e-02
    8.02075e+00     3.94797e-02
    8.08404e+00     3.86807e-02
    8.14783e+00     3.78968e-02
    8.21213e+00     3.71277e-02
    8.27693e+00     3.63739e-02
    8.34225e+00     3.56354e-02
    8.40808e+00     3.49108e-02
    8.47443e+00     3.42012e-02
    8.54130e+00     3.35060e-02
    8.60870e+00     3.28250e-02
    8.67664e+00     3.21581e-02
    8.74510e+00     3.15052e-02
    8.81411e+00     3.08657e-02
    8.88367e+00     3.02394e-02
    8.95377e+00     2.96268e-02
    9.02443e+00     2.90267e-02
    9.09564e+00     2.84395e-02
    9.16742e+00     2.78647e-02
    9.23976e+00     2.73019e-02
    9.31267e+00     2.67507e-02
    9.38616e+00     2.62109e-02
    9.46023e+00     2.56821e-02
    9.53488e+00     2.51639e-02
    9.61012e+00     2.46560e-02
    9.68596e+00     2.41579e-02
    9.76239e+00     2.36692e-02
    9.83943e+00     2.31896e-02
    9.91708e+00     2.27186e-02
    9.99533e+00     2.22564e-02
    1.00742e+01     2.18028e-02
    1.01537e+01     2.13579e-02
    1.02338e+01     2.09215e-02
    1.03146e+01     2.04938e-02
    1.03960e+01     2.00745e-02
    1.04780e+01     1.96635e-02
    1.05607e+01     1.92609e-02
    1.06440e+01     1.88664e-02
    1.07280e+01     1.84802e-02
    1.08127e+01     1.81020e-02
    1.08980e+01     1.77317e-02
    1.09840e+01     1.73692e-02
    1.10707e+01     1.70144e-02
    1.11581e+01     1.66671e-02
    1.12461e+01     1.63271e-02
    1.13349e+01     1.59944e-02
    1.14243e+01     1.56687e-02
    1.15144e+01     1.53498e-02
    1.16053e+01     1.50378e-02
    1.16969e+01     1.47322e-02
    1.17892e+01     1.44329e-02
    1.18822e+01     1.41397e-02
    1.19760e+01     1.38524e-02
    1.20705e+01     1.35707e-02
    1.21657e+01     1.32944e-02
    1.22618e+01     1.30234e-02
    1.23585e+01     1.27572e-02
    1.24560e+01     1.24959e-02
    1.25543e+01     1.22397e-02
    1.26534e+01     1.19883e-02
    1.27532e+01     1.17418e-02
    1.28539e+01     1.15001e-02
    1.29553e+01     1.12632e-02
    1.30576e+01     1.10312e-02
    1.31606e+01     1.08038e-02
    1.32644e+01     1.05810e-02
    1.33691e+01     1.03629e-02
    1.34746e+01     1.01494e-02
    1.35809e+01     9.94037e-03
    1.36881e+01     9.73580e-03
    1.37961e+01     9.53554e-03
    1.39050e+01     9.33958e-03
    1.40147e+01     9.14776e-03
    1.41253e+01     8.96009e-03
    1.42368e+01     8.77644e-03
    1.43491e+01     8.59665e-03
    1.44624e+01     8.42071e-03
    1.45765e+01     8.24846e-03
    1.46915e+01     8.07982e-03
    1.48075e+01     7.91465e-03
    1.49243e+01     7.75280e-03
    1.50421e+01     7.59421e-03
    1.51608e+01     7.43869e-03
    1.52804e+01     7.28610e-03
    1.54010e+01     7.13634e-03
    1.55225e+01     6.98936e-03
    1.56450e+01     6.84516e-03
    1.57685e+01     6.70375e-03
    1.58929e+01     6.56506e-03
    1.60183e+01     6.42912e-03
    1.61447e+01     6.29590e-03
    1.62721e+01     6.16535e-03
    1.64005e+01     6.03747e-03
    1.65300e+01     5.91229e-03
    1.66604e+01     5.78963e-03
    1.67919e+01     5.66958e-03
    1.69244e+01     5.55208e-03
    1.70579e+01     5.43704e-03
    1.71925e+01     5.32452e-03
    1.73282e+01     5.21437e-03
    1.74649e+01     5.10662e-03
    1.76028e+01     5.00121e-03
    1.77417e+01     4.89803e-03
    1.78817e+01     4.79708e-03
    1.80228e+01     4.69829e-03
    1.81650e+01     4.60160e-03
    1.83083e+01     4.50692e-03
    1.84528e+01     4.41422e-03
    1.85984e+01     4.32344e-03
    1.87452e+01     4.23450e-03
    1.88931e+01     4.14727e-03
    1.90422e+01     4.06177e-03
    1.91925e+01     3.97782e-03
    1.93439e+01     3.89545e-03
    1.94966e+01     3.81465e-03
    1.96504e+01     3.73540e-03
    1.98055e+01     3.65771e-03
    1.99618e+01     3.58152e-03
    2.01193e+01     3.50688e-03
    2.02781e+01     3.43375e-03
    2.04381e+01     3.36214e-03
    2.05994e+01     3.29197e-03
    2.07619e+01     3.22329e-03
    2.09258e+01     3.15606e-03
    2.10909e+01     3.09025e-03
    2.12573e+01     3.02587e-03
    2.14251e+01     2.96285e-03
    2.15941e+01     2.90119e-03
    2.17646e+01     2.84089e-03
    2.19363e+01     2.78186e-03
    2.21094e+01     2.72415e-03
    2.22839e+01     2.66768e-03
    2.24597e+01     2.61240e-03
    2.26370e+01     2.55833e-03
    2.28156e+01     2.50539e-03
    2.29956e+01     2.45357e-03
    2.31771e+01     2.40282e-03
    2.33600e+01     2.35312e-03
    2.35443e+01     2.30440e-03
    2.37301e+01     2.25662e-03
    2.39174e+01     2.20976e-03
    2.41061e+01     2.16378e-03
    2.42963e+01     2.11866e-03
    2.44881e+01     2.07443e-03
    2.46813e+01     2.03103e-03
    2.48761e+01     1.98852e-03
    2.50724e+01     1.94685e-03
    2.52702e+01     1.90603e-03
    2.54696e+01     1.86604e-03
    2.56706e+01     1.82690e-03
    2.58732e+01     1.78858e-03
    2.60774e+01     1.75105e-03
    2.62832e+01     1.71434e-03
    2.64906e+01     1.67841e-03
    2.66996e+01     1.64325e-03
    2.69103e+01     1.60885e-03
    2.71227e+01     1.57521e-03
    2.73367e+01     1.54231e-03
    2.75524e+01     1.51011e-03
    2.77698e+01     1.47864e-03
    2.79890e+01     1.44783e-03
    2.82098e+01     1.41770e-03
    2.84324e+01     1.38819e-03
    2.86568e+01     1.35932e-03
    2.88829e+01     1.33106e-03
    2.91109e+01     1.30338e-03
    2.93406e+01     1.27624e-03
    2.95721e+01     1.24967e-03
    2.98055e+01     1.22358e-03
    3.00407e+01     1.19799e-03
    3.02777e+01     1.17290e-03
    3.05167e+01     1.14827e-03
    3.07575e+01     1.12414e-03
    3.10002e+01     1.10049e-03
    3.12448e+01     1.07730e-03
    3.14914e+01     1.05459e-03
    3.17399e+01     1.03236e-03
    3.19904e+01     1.01059e-03
    3.22428e+01     9.89254e-04
    3.24972e+01     9.68394e-04
    3.27537e+01     9.47986e-04
    3.30121e+01     9.27999e-04
    3.32727e+01     9.08456e-04
    3.35352e+01     8.89336e-04
    3.37998e+01     8.70633e-04
    3.40666e+01     8.52345e-04
    3.43354e+01     8.34455e-04
    3.46063e+01     8.16955e-04
    3.48794e+01     7.99840e-04
    3.51547e+01     7.83099e-04
    3.54321e+01     7.66716e-04
    3.57117e+01     7.50683e-04
    3.59935e+01     7.34990e-04
    3.62775e+01     7.19623e-04
    3.65638e+01     7.04571e-04
    3.68523e+01     6.89819e-04
    3.71431e+01     6.75352e-04
    3.74363e+01     6.61164e-04
    3.77317e+01     6.47242e-04
    3.80294e+01     6.33589e-04
    3.83295e+01     6.20206e-04
    3.86320e+01     6.07089e-04
    3.89368e+01     5.94235e-04
    3.92441e+01     5.81644e-04
    3.95538e+01     5.69313e-04
    3.98659e+01     5.57240e-04
    4.01805e+01     5.45421e-04
    4.04976e+01     5.33855e-04
    4.08171e+01     5.22535e-04
    4.11392e+01     5.11460e-04
    4.14639e+01     5.00628e-04
    4.17911e+01     4.90033e-04
    4.21209e+01     4.79671e-04
    4.24532e+01     4.69534e-04
    4.27883e+01     4.59625e-04
    4.31259e+01     4.49931e-04
    4.34662e+01     4.40451e-04
    4.38092e+01     4.31179e-04
    4.41549e+01     4.22107e-04
    4.45034e+01     4.13232e-04
    4.48546e+01     4.04546e-04
    4.52085e+01     3.96041e-04
    4.55653e+01     3.87713e-04
    4.59248e+01     3.79552e-04
    4.62872e+01     3.71553e-04
    4.66525e+01     3.63706e-04
    4.70206e+01     3.56008e-04
    4.73917e+01     3.48462e-04
    4.77657e+01     3.41062e-04
    4.81426e+01     3.33809e-04
    4.85225e+01     3.26703e-04
    4.89054e+01     3.19742e-04
    4.92913e+01     3.12925e-04
    4.96803e+01     3.06250e-04
    5.00723e+01     2.99718e-04
    5.04675e+01     2.93325e-04
    5.08657e+01     2.87068e-04
    5.12671e+01     2.80949e-04
    5.16717e+01     2.74962e-04
    5.20794e+01     2.69107e-04
    5.24904e+01     2.63381e-04
    5.29046e+01     2.57783e-04
    5.33221e+01     2.52308e-04
    5.37429e+01     2.46955e-04
    5.41670e+01     2.41720e-04
    5.45944e+01     2.36600e-04
    5.50252e+01     2.31593e-04
    5.54594e+01     2.26695e-04
    5.58971e+01     2.21902e-04
    5.63382e+01     2.17211e-04
    5.67827e+01     2.12618e-04
    5.72308e+01     2.08118e-04
    5.76825e+01     2.03709e-04
    5.81376e+01     1.99387e-04
    5.85964e+01     1.95146e-04
    5.90588e+01     1.90988e-04
    5.95249e+01     1.86912e-04
    5.99946e+01     1.82918e-04
    6.04680e+01     1.79004e-04
    6.09452e+01     1.75170e-04
    6.14261e+01     1.71416e-04
    6.19108e+01     1.67742e-04
    6.23994e+01     1.64144e-04
    6.28918e+01     1.60624e-04
    6.33881e+01     1.57180e-04
    6.38883e+01     1.53810e-04
    6.43925e+01     1.50514e-04
    6.49006e+01     1.47291e-04
    6.54127e+01     1.44138e-04
    6.59289e+01     1.41056e-04
    6.64492e+01     1.38042e-04
    6.69735e+01     1.35094e-04
    6.75020e+01     1.32212e-04
    6.80347e+01     1.29392e-04
    6.85716e+01     1.26634e-04
    6.91127e+01     1.23936e-04
    6.96581e+01     1.21296e-04
    7.02078e+01     1.18711e-04
    7.07618e+01     1.16180e-04
    7.13202e+01     1.13700e-04
    7.18830e+01     1.11269e-04
    7.24503e+01     1.08885e-04
    7.30220e+01     1.06546e-04
    7.35982e+01     1.04251e-04
    7.41790e+01     1.02000e-04
    7.47643e+01     9.97930e-05
    7.53543e+01     9.76313e-05
    7.59490e+01     9.55127e-05
    7.65483e+01     9.34376e-05
    7.71524e+01     9.14059e-05
    7.77612e+01     8.94179e-05
    7.83748e+01     8.74716e-05
    7.89933e+01     8.55693e-05
    7.96166e+01     8.37079e-05
    8.02449e+01     8.18888e-05
    8.08781e+01     8.01109e-05
    8.15164e+01     7.83729e-05
    8.21596e+01     7.66759e-05
    8.28080e+01     7.50182e-05
    8.34614e+01     7.33992e-05
    8.41200e+01     7.18186e-05
    8.47838e+01     7.02752e-05
    8.54529e+01     6.87687e-05
    8.61272e+01     6.72987e-05
    8.68069e+01     6.58633e-05
    8.74919e+01     6.44629e-05
    8.81823e+01     6.30957e-05
    8.88782e+01     6.17612e-05
    8.95795e+01     6.04577e-05
    9.02864e+01     5.91849e-05
    9.09989e+01     5.79417e-05
    9.17170e+01     5.67271e-05
    9.24407e+01     5.55408e-05
    9.31702e+01     5.43811e-05
    9.39054e+01     5.32485e-05
    9.46465e+01     5.21406e-05
    9.53933e+01     5.10578e-05
    9.61461e+01     4.99992e-05
    9.69048e+01     4.89625e-05
    9.76695e+01     4.79482e-05
    9.84402e+01     4.69540e-05
    9.92171e+01     4.59805e-05
    1.00000e+02     4.50245e-05
