    1.50000e-05     1.17905e+01
    1.51184e-05     1.18806e+01
    1.52377e-05     1.19714e+01
    1.53579e-05     1.20628e+01
    1.54791e-05     1.21549e+01
    1.56013e-05     1.22478e+01
    1.57244e-05     1.23414e+01
    1.58485e-05     1.24357e+01
    1.59735e-05     1.25306e+01
    1.60996e-05     1.26264e+01
    1.62266e-05     1.27228e+01
    1.63547e-05     1.28201e+01
    1.64837e-05     1.29180e+01
    1.66138e-05     1.30167e+01
    1.67449e-05     1.31161e+01
    1.68770e-05     1.32163e+01
    1.70102e-05     1.33173e+01
    1.71444e-05     1.34190e+01
    1.72797e-05     1.35215e+01
    1.74161e-05     1.36248e+01
    1.75535e-05     1.37289e+01
    1.76920e-05     1.38338e+01
    1.78317e-05     1.39395e+01
    1.79724e-05     1.40460e+01
    1.81142e-05     1.41532e+01
    1.82571e-05     1.42613e+01
    1.84012e-05     1.43703e+01
    1.85464e-05     1.44800e+01
    1.86928e-05     1.45907e+01
    1.88403e-05     1.47021e+01
    1.89890e-05     1.48145e+01
    1.91388e-05     1.49276e+01
    1.92898e-05     1.50416e+01
    1.94421e-05     1.51566e+01
    1.95955e-05     1.52723e+01
    1.97501e-05     1.53890e+01
    1.99060e-05     1.55066e+01
    2.00630e-05     1.56250e+01
    2.02214e-05     1.57445e+01
    2.03809e-05     1.58647e+01
    2.05418e-05     1.59859e+01
    2.07039e-05     1.61081e+01
    2.08672e-05     1.62311e+01
    2.10319e-05     1.63551e+01
    2.11979e-05     1.64801e+01
    2.13652e-05     1.66060e+01
    2.15338e-05     1.67328e+01
    2.17037e-05     1.68607e+01
    2.18749e-05     1.69894e+01
    2.20476e-05     1.71193e+01
    2.22215e-05     1.72500e+01
    2.23969e-05     1.73818e+01
    2.25736e-05     1.75146e+01
    2.27518e-05     1.76484e+01
    2.29313e-05     1.77832e+01
    2.31123e-05     1.79191e+01
    2.32947e-05     1.80560e+01
    2.34785e-05     1.81939e+01
    2.36638e-05     1.83330e+01
    2.38505e-05     1.84730e+01
    2.40387e-05     1.86141e+01
    2.42284e-05     1.87563e+01
    2.44196e-05     1.88996e+01
    2.46123e-05     1.90440e+01
    2.48065e-05     1.91895e+01
    2.50023e-05     1.93361e+01
    2.51996e-05     1.94838e+01
    2.53984e-05     1.96326e+01
    2.55988e-05     1.97826e+01
    2.58008e-05     1.99337e+01
    2.60044e-05     2.00860e+01
    2.62096e-05     2.02394e+01
    2.64165e-05     2.03941e+01
    2.66249e-05     2.05498e+01
    2.68350e-05     2.07068e+01
    2.70468e-05     2.08650e+01
    2.72602e-05     2.10243e+01
    2.74753e-05     2.11849e+01
    2.76922e-05     2.13468e+01
    2.79107e-05     2.15099e+01
    2.81309e-05     2.16742e+01
    2.83529e-05     2.18398e+01
    2.85767e-05     2.20066e+01
    2.88022e-05     2.21748e+01
    2.90294e-05     2.23441e+01
    2.92585e-05     2.25148e+01
    2.94894e-05     2.26868e+01
    2.97221e-05     2.28602e+01
    2.99567e-05     2.30348e+01
    3.01931e-05     2.32108e+01
    3.04313e-05     2.33881e+01
    3.06715e-05     2.35668e+01
    3.09135e-05     2.37468e+01
    3.11574e-05     2.39282e+01
    3.14033e-05     2.41111e+01
    3.16511e-05     2.42952e+01
    3.19009e-05     2.44808e+01
    3.21526e-05     2.46678e+01
    3.24063e-05     2.48562e+01
    3.26621e-05     2.50461e+01
    3.29198e-05     2.52374e+01
    3.31796e-05     2.54302e+01
    3.34414e-05     2.56244e+01
    3.37053e-05     2.58202e+01
    3.39713e-05     2.60174e+01
    3.42394e-05     2.62162e+01
    3.45096e-05     2.64165e+01
    3.47819e-05     2.66182e+01
    3.50563e-05     2.68216e+01
    3.53330e-05     2.70265e+01
    3.56118e-05     2.72330e+01
    3.58928e-05     2.74411e+01
    3.61761e-05     2.76507e+01
    3.64615e-05     2.78619e+01
    3.67493e-05     2.80748e+01
    3.70393e-05     2.82893e+01
    3.73315e-05     2.85054e+01
    3.76261e-05     2.87232e+01
    3.79231e-05     2.89426e+01
    3.82223e-05     2.91637e+01
    3.85239e-05     2.93864e+01
    3.88279e-05     2.96109e+01
    3.91343e-05     2.98372e+01
    3.94431e-05     3.00650e+01
    3.97544e-05     3.02948e+01
    4.00681e-05     3.05262e+01
    4.03843e-05     3.07593e+01
    4.07030e-05     3.09943e+01
    4.10242e-05     3.12311e+01
    4.13479e-05     3.14696e+01
    4.16742e-05     3.17100e+01
    4.20031e-05     3.19522e+01
    4.23345e-05     3.21963e+01
    4.26686e-05     3.24423e+01
    4.30053e-05     3.26901e+01
    4.33447e-05     3.29398e+01
    4.36867e-05     3.31914e+01
    4.40314e-05     3.34449e+01
    4.43789e-05     3.37005e+01
    4.47291e-05     3.39578e+01
    4.50821e-05     3.42173e+01
    4.54378e-05     3.44786e+01
    4.57964e-05     3.47420e+01
    4.61578e-05     3.50074e+01
    4.65220e-05     3.52748e+01
    4.68891e-05     3.55443e+01
    4.72591e-05     3.58158e+01
    4.76321e-05     3.60894e+01
    4.80079e-05     3.63651e+01
    4.83868e-05     3.66428e+01
    4.87686e-05     3.69228e+01
    4.91535e-05     3.72048e+01
    4.95413e-05     3.74890e+01
    4.99323e-05     3.77754e+01
    5.03263e-05     3.80639e+01
    5.07234e-05     3.83547e+01
    5.11237e-05     3.86477e+01
    5.15271e-05     3.89429e+01
    5.19338e-05     3.92404e+01
    5.23436e-05     3.95401e+01
    5.27566e-05     3.98422e+01
    5.31729e-05     4.01465e+01
    5.35925e-05     4.04532e+01
    5.40155e-05     4.07623e+01
    5.44417e-05     4.10737e+01
    5.48713e-05     4.13873e+01
    5.53043e-05     4.17035e+01
    5.57407e-05     4.20220e+01
    5.61806e-05     4.23431e+01
    5.66239e-05     4.26665e+01
    5.70708e-05     4.29924e+01
    5.75211e-05     4.33208e+01
    5.79750e-05     4.36517e+01
    5.84325e-05     4.39851e+01
    5.88936e-05     4.43210e+01
    5.93584e-05     4.46596e+01
    5.98268e-05     4.50007e+01
    6.02989e-05     4.53444e+01
    6.07747e-05     4.56907e+01
    6.12543e-05     4.60397e+01
    6.17377e-05     4.63913e+01
    6.22249e-05     4.67457e+01
    6.27159e-05     4.71027e+01
    6.32108e-05     4.74625e+01
    6.37096e-05     4.78250e+01
    6.42124e-05     4.81903e+01
    6.47191e-05     4.85584e+01
    6.52298e-05     4.89292e+01
    6.57445e-05     4.93030e+01
    6.62633e-05     4.96796e+01
    6.67862e-05     5.00590e+01
    6.73132e-05     5.04413e+01
    6.78444e-05     5.08266e+01
    6.83798e-05     5.12149e+01
    6.89194e-05     5.16060e+01
    6.94633e-05     5.20002e+01
    7.00114e-05     5.23973e+01
    7.05639e-05     5.27977e+01
    7.11207e-05     5.32009e+01
    7.16820e-05     5.36073e+01
    7.22476e-05     5.40167e+01
    7.28177e-05     5.44293e+01
    7.33924e-05     5.48451e+01
    7.39715e-05     5.52639e+01
    7.45552e-05     5.56860e+01
    7.51436e-05     5.61113e+01
    7.57365e-05     5.65398e+01
    7.63342e-05     5.69717e+01
    7.69366e-05     5.74069e+01
    7.75437e-05     5.78453e+01
    7.81556e-05     5.82871e+01
    7.87723e-05     5.87322e+01
    7.93940e-05     5.91809e+01
    8.00205e-05     5.96329e+01
    8.06519e-05     6.00882e+01
    8.12884e-05     6.05471e+01
    8.19298e-05     6.10095e+01
    8.25764e-05     6.14754e+01
    8.32280e-05     6.19449e+01
    8.38848e-05     6.24181e+01
    8.45467e-05     6.28946e+01
    8.52139e-05     6.33749e+01
    8.58863e-05     6.38589e+01
    8.65641e-05     6.43465e+01
    8.72472e-05     6.48380e+01
    8.79357e-05     6.53331e+01
    8.86296e-05     6.58319e+01
    8.93290e-05     6.63347e+01
    9.00339e-05     6.68412e+01
    9.07444e-05     6.73516e+01
    9.14605e-05     6.78660e+01
    9.21822e-05     6.83842e+01
    9.29096e-05     6.89064e+01
    9.36428e-05     6.94326e+01
    9.43817e-05     6.99629e+01
    9.51265e-05     7.04971e+01
    9.58772e-05     7.10355e+01
    9.66338e-05     7.15780e+01
    9.73963e-05     7.21246e+01
    9.81649e-05     7.26753e+01
    9.89396e-05     7.32304e+01
    9.97203e-05     7.37896e+01
    1.00507e-04     7.43528e+01
    1.01300e-04     7.49205e+01
    1.02100e-04     7.54930e+01
    1.02905e-04     7.60689e+01
    1.03717e-04     7.66497e+01
    1.04536e-04     7.72354e+01
    1.05361e-04     7.78252e+01
    1.06192e-04     7.84190e+01
    1.07030e-04     7.90177e+01
    1.07875e-04     7.96212e+01
    1.08726e-04     8.02290e+01
    1.09584e-04     8.08414e+01
    1.10449e-04     8.14589e+01
    1.11320e-04     8.20803e+01
    1.12199e-04     8.27073e+01
    1.13084e-04     8.33385e+01
    1.13977e-04     8.39753e+01
    1.14876e-04     8.46160e+01
    1.15783e-04     8.52625e+01
    1.16696e-04     8.59130e+01
    1.17617e-04     8.65689e+01
    1.18545e-04     8.72298e+01
    1.19481e-04     8.78963e+01
    1.20424e-04     8.85674e+01
    1.21374e-04     8.92434e+01
    1.22332e-04     8.99248e+01
    1.23297e-04     9.06112e+01
    1.24270e-04     9.13029e+01
    1.25251e-04     9.20001e+01
    1.26239e-04     9.27023e+01
    1.27235e-04     9.34099e+01
    1.28239e-04     9.41229e+01
    1.29251e-04     9.48414e+01
    1.30271e-04     9.55654e+01
    1.31299e-04     9.62947e+01
    1.32335e-04     9.70297e+01
    1.33379e-04     9.77702e+01
    1.34432e-04     9.85167e+01
    1.35493e-04     9.92689e+01
    1.36562e-04     1.00026e+02
    1.37640e-04     1.00790e+02
    1.38726e-04     1.01559e+02
    1.39821e-04     1.02334e+02
    1.40924e-04     1.03115e+02
    1.42036e-04     1.03902e+02
    1.43157e-04     1.04695e+02
    1.44286e-04     1.05494e+02
    1.45425e-04     1.06299e+02
    1.46573e-04     1.07111e+02
    1.47729e-04     1.07927e+02
    1.48895e-04     1.08751e+02
    1.50070e-04     1.09581e+02
    1.51254e-04     1.10417e+02
    1.52448e-04     1.11260e+02
    1.53651e-04     1.12109e+02
    1.54863e-04     1.12964e+02
    1.56085e-04     1.13826e+02
    1.57317e-04     1.14695e+02
    1.58559e-04     1.15571e+02
    1.59810e-04     1.16453e+02
    1.61071e-04     1.17341e+02
    1.62342e-04     1.18237e+02
    1.63623e-04     1.19139e+02
    1.64914e-04     1.20048e+02
    1.66216e-04     1.20964e+02
    1.67527e-04     1.21886e+02
    1.68849e-04     1.22816e+02
    1.70182e-04     1.23754e+02
    1.71525e-04     1.24698e+02
    1.72878e-04     1.25649e+02
    1.74242e-04     1.26607e+02
    1.75617e-04     1.27573e+02
    1.77003e-04     1.28546e+02
    1.78400e-04     1.29526e+02
    1.79808e-04     1.30514e+02
    1.81227e-04     1.31510e+02
    1.82657e-04     1.32513e+02
    1.84098e-04     1.33523e+02
    1.85551e-04     1.34541e+02
    1.87015e-04     1.35567e+02
    1.88491e-04     1.36601e+02
    1.89978e-04     1.37643e+02
    1.91477e-04     1.38693e+02
    1.92988e-04     1.39750e+02
    1.94511e-04     1.40816e+02
    1.96046e-04     1.41890e+02
    1.97593e-04     1.42972e+02
    1.99153e-04     1.44063e+02
    2.00724e-04     1.45161e+02
    2.02308e-04     1.46268e+02
    2.03904e-04     1.47383e+02
    2.05514e-04     1.48507e+02
    2.07135e-04     1.49639e+02
    2.08770e-04     1.50780e+02
    2.10417e-04     1.51929e+02
    2.12078e-04     1.53088e+02
    2.13751e-04     1.54254e+02
    2.15438e-04     1.55430e+02
    2.17138e-04     1.56615e+02
    2.18852e-04     1.57809e+02
    2.20579e-04     1.59012e+02
    2.22319e-04     1.60223e+02
    2.24074e-04     1.61445e+02
    2.25842e-04     1.62675e+02
    2.27624e-04     1.63915e+02
    2.29420e-04     1.65164e+02
    2.31231e-04     1.66423e+02
    2.33055e-04     1.67690e+02
    2.34894e-04     1.68968e+02
    2.36748e-04     1.70256e+02
    2.38616e-04     1.71553e+02
    2.40499e-04     1.72860e+02
    2.42397e-04     1.74177e+02
    2.44310e-04     1.75504e+02
    2.46238e-04     1.76841e+02
    2.48181e-04     1.78188e+02
    2.50139e-04     1.79545e+02
    2.52113e-04     1.80913e+02
    2.54103e-04     1.82291e+02
    2.56108e-04     1.83679e+02
    2.58129e-04     1.85078e+02
    2.60166e-04     1.86488e+02
    2.62219e-04     1.87907e+02
    2.64288e-04     1.89338e+02
    2.66374e-04     1.90780e+02
    2.68476e-04     1.92233e+02
    2.70594e-04     1.93696e+02
    2.72730e-04     1.95170e+02
    2.74882e-04     1.96656e+02
    2.77051e-04     1.98153e+02
    2.79237e-04     1.99661e+02
    2.81441e-04     2.01181e+02
    2.83662e-04     2.02712e+02
    2.85900e-04     2.04254e+02
    2.88156e-04     2.05808e+02
    2.90430e-04     2.07374e+02
    2.92722e-04     2.08952e+02
    2.95032e-04     2.10542e+02
    2.97360e-04     2.12143e+02
    2.99707e-04     2.13757e+02
    3.02072e-04     2.15383e+02
    3.04455e-04     2.17021e+02
    3.06858e-04     2.18672e+02
    3.09279e-04     2.20335e+02
    3.11720e-04     2.22010e+02
    3.14180e-04     2.23699e+02
    3.16659e-04     2.25400e+02
    3.19158e-04     2.27114e+02
    3.21676e-04     2.28840e+02
    3.24215e-04     2.30580e+02
    3.26773e-04     2.32333e+02
    3.29352e-04     2.34099e+02
    3.31951e-04     2.35878e+02
    3.34570e-04     2.37671e+02
    3.37211e-04     2.39478e+02
    3.39872e-04     2.41298e+02
    3.42554e-04     2.43131e+02
    3.45257e-04     2.44978e+02
    3.47981e-04     2.46839e+02
    3.50727e-04     2.48714e+02
    3.53495e-04     2.50604e+02
    3.56284e-04     2.52507e+02
    3.59096e-04     2.54425e+02
    3.61930e-04     2.56357e+02
    3.64786e-04     2.58304e+02
    3.67664e-04     2.60265e+02
    3.70566e-04     2.62241e+02
    3.73490e-04     2.64231e+02
    3.76437e-04     2.66236e+02
    3.79408e-04     2.68257e+02
    3.82402e-04     2.70293e+02
    3.85419e-04     2.72343e+02
    3.88461e-04     2.74410e+02
    3.91526e-04     2.76491e+02
    3.94616e-04     2.78588e+02
    3.97730e-04     2.80701e+02
    4.00868e-04     2.82830e+02
    4.04032e-04     2.84975e+02
    4.07220e-04     2.87135e+02
    4.10433e-04     2.89312e+02
    4.13672e-04     2.91505e+02
    4.16937e-04     2.93715e+02
    4.20227e-04     2.95941e+02
    4.23543e-04     2.98184e+02
    4.26885e-04     3.00443e+02
    4.30254e-04     3.02720e+02
    4.33649e-04     3.05013e+02
    4.37071e-04     3.07324e+02
    4.40520e-04     3.09651e+02
    4.43996e-04     3.11996e+02
    4.47500e-04     3.14359e+02
    4.51031e-04     3.16739e+02
    4.54590e-04     3.19136e+02
    4.58178e-04     3.21552e+02
    4.61793e-04     3.23986e+02
    4.65437e-04     3.26436e+02
    4.69110e-04     3.28907e+02
    4.72812e-04     3.31394e+02
    4.76543e-04     3.33901e+02
    4.80304e-04     3.36426e+02
    4.84094e-04     3.38970e+02
    4.87914e-04     3.41532e+02
    4.91764e-04     3.44114e+02
    4.95645e-04     3.46714e+02
    4.99556e-04     3.49334e+02
    5.03498e-04     3.51974e+02
    5.07471e-04     3.54632e+02
    5.11476e-04     3.57312e+02
    5.15512e-04     3.60010e+02
    5.19580e-04     3.62728e+02
    5.23680e-04     3.65467e+02
    5.27813e-04     3.68226e+02
    5.31978e-04     3.71005e+02
    5.36176e-04     3.73804e+02
    5.40407e-04     3.76624e+02
    5.44671e-04     3.79464e+02
    5.48969e-04     3.82326e+02
    5.53301e-04     3.85209e+02
    5.57668e-04     3.88113e+02
    5.62068e-04     3.91038e+02
    5.66504e-04     3.93985e+02
    5.70974e-04     3.96953e+02
    5.75480e-04     3.99943e+02
    5.80021e-04     4.02955e+02
    5.84598e-04     4.05989e+02
    5.89211e-04     4.09045e+02
    5.93861e-04     4.12124e+02
    5.98547e-04     4.15225e+02
    6.03270e-04     4.18349e+02
    6.08031e-04     4.21496e+02
    6.12829e-04     4.24666e+02
    6.17665e-04     4.27859e+02
    6.22539e-04     4.31075e+02
    6.27452e-04     4.34315e+02
    6.32403e-04     4.37579e+02
    6.37394e-04     4.40866e+02
    6.42423e-04     4.44177e+02
    6.47493e-04     4.47513e+02
    6.52602e-04     4.50872e+02
    6.57752e-04     4.54257e+02
    6.62943e-04     4.57666e+02
    6.68174e-04     4.61099e+02
    6.73447e-04     4.64557e+02
    6.78761e-04     4.68041e+02
    6.84117e-04     4.71549e+02
    6.89516e-04     4.75084e+02
    6.94957e-04     4.78644e+02
    7.00441e-04     4.82229e+02
    7.05968e-04     4.85841e+02
    7.11539e-04     4.89479e+02
    7.17154e-04     4.93143e+02
    7.22813e-04     4.96832e+02
    7.28517e-04     5.00549e+02
    7.34266e-04     5.04293e+02
    7.40060e-04     5.08063e+02
    7.45900e-04     5.11861e+02
    7.51787e-04     5.15686e+02
    7.57719e-04     5.19539e+02
    7.63698e-04     5.23418e+02
    7.69725e-04     5.27327e+02
    7.75799e-04     5.31262e+02
    7.81921e-04     5.35226e+02
    7.88091e-04     5.39218e+02
    7.94310e-04     5.43239e+02
    8.00578e-04     5.47288e+02
    8.06896e-04     5.51367e+02
    8.13263e-04     5.55474e+02
    8.19681e-04     5.59611e+02
    8.26149e-04     5.63778e+02
    8.32668e-04     5.67973e+02
    8.39239e-04     5.72199e+02
    8.45862e-04     5.76456e+02
    8.52537e-04     5.80741e+02
    8.59264e-04     5.85057e+02
    8.66045e-04     5.89405e+02
    8.72879e-04     5.93782e+02
    8.79767e-04     5.98190e+02
    8.86710e-04     6.02631e+02
    8.93707e-04     6.07102e+02
    9.00759e-04     6.11604e+02
    9.07867e-04     6.16139e+02
    9.15032e-04     6.20705e+02
    9.22252e-04     6.25303e+02
    9.29530e-04     6.29934e+02
    9.36865e-04     6.34596e+02
    9.44258e-04     6.39292e+02
    9.51709e-04     6.44020e+02
    9.59220e-04     6.48782e+02
    9.66789e-04     6.53576e+02
    9.74418e-04     6.58404e+02
    9.82107e-04     6.63267e+02
    9.89858e-04     6.68162e+02
    9.97669e-04     6.73092e+02
    1.00554e-03     6.78054e+02
    1.01348e-03     6.83055e+02
    1.02147e-03     6.88083e+02
    1.02953e-03     6.93150e+02
    1.03766e-03     6.98256e+02
    1.04585e-03     7.03396e+02
    1.05410e-03     7.08567e+02
    1.06242e-03     7.13776e+02
    1.07080e-03     7.19019e+02
    1.07925e-03     7.24300e+02
    1.08777e-03     7.29618e+02
    1.09635e-03     7.34970e+02
    1.10500e-03     7.40359e+02
    1.11372e-03     7.45786e+02
    1.12251e-03     7.51250e+02
    1.13137e-03     7.56753e+02
    1.14030e-03     7.62292e+02
    1.14930e-03     7.67869e+02
    1.15837e-03     7.73484e+02
    1.16751e-03     7.79137e+02
    1.17672e-03     7.84825e+02
    1.18601e-03     7.90556e+02
    1.19537e-03     7.96325e+02
    1.20480e-03     8.02128e+02
    1.21431e-03     8.07976e+02
    1.22389e-03     8.13858e+02
    1.23355e-03     8.19785e+02
    1.24328e-03     8.25745e+02
    1.25309e-03     8.31749e+02
    1.26298e-03     8.37793e+02
    1.27295e-03     8.43879e+02
    1.28299e-03     8.50002e+02
    1.29312e-03     8.56169e+02
    1.30332e-03     8.62372e+02
    1.31360e-03     8.68617e+02
    1.32397e-03     8.74907e+02
    1.33442e-03     8.81238e+02
    1.34495e-03     8.87609e+02
    1.35556e-03     8.94019e+02
    1.36626e-03     9.00476e+02
    1.37704e-03     9.06972e+02
    1.38791e-03     9.13513e+02
    1.39886e-03     9.20094e+02
    1.40990e-03     9.26720e+02
    1.42102e-03     9.33384e+02
    1.43224e-03     9.40100e+02
    1.44354e-03     9.46852e+02
    1.45493e-03     9.53650e+02
    1.46641e-03     9.60491e+02
    1.47798e-03     9.67376e+02
    1.48965e-03     9.74312e+02
    1.50140e-03     9.81282e+02
    1.51325e-03     9.88304e+02
    1.52519e-03     9.95366e+02
    1.53723e-03     1.00248e+03
    1.54936e-03     1.00963e+03
    1.56158e-03     1.01683e+03
    1.57391e-03     1.02408e+03
    1.58633e-03     1.03137e+03
    1.59884e-03     1.03870e+03
    1.61146e-03     1.04609e+03
    1.62418e-03     1.05352e+03
    1.63699e-03     1.06099e+03
    1.64991e-03     1.06851e+03
    1.66293e-03     1.07609e+03
    1.67605e-03     1.08370e+03
    1.68928e-03     1.09137e+03
    1.70261e-03     1.09908e+03
    1.71605e-03     1.10684e+03
    1.72959e-03     1.11464e+03
    1.74324e-03     1.12250e+03
    1.75699e-03     1.13040e+03
    1.77086e-03     1.13835e+03
    1.78483e-03     1.14634e+03
    1.79892e-03     1.15439e+03
    1.81311e-03     1.16249e+03
    1.82742e-03     1.17063e+03
    1.84184e-03     1.17883e+03
    1.85637e-03     1.18706e+03
    1.87102e-03     1.19536e+03
    1.88579e-03     1.20370e+03
    1.90067e-03     1.21209e+03
    1.91567e-03     1.22053e+03
    1.93078e-03     1.22902e+03
    1.94602e-03     1.23756e+03
    1.96138e-03     1.24615e+03
    1.97686e-03     1.25480e+03
    1.99246e-03     1.26349e+03
    2.00818e-03     1.27223e+03
    2.02402e-03     1.28102e+03
    2.04000e-03     1.28987e+03
    2.05609e-03     1.29875e+03
    2.07232e-03     1.30770e+03
    2.08867e-03     1.31670e+03
    2.10516e-03     1.32575e+03
    2.12177e-03     1.33485e+03
    2.13851e-03     1.34399e+03
    2.15539e-03     1.35320e+03
    2.17240e-03     1.36245e+03
    2.18954e-03     1.37176e+03
    2.20682e-03     1.38112e+03
    2.22423e-03     1.39052e+03
    2.24178e-03     1.39998e+03
    2.25947e-03     1.40950e+03
    2.27730e-03     1.41906e+03
    2.29527e-03     1.42868e+03
    2.31339e-03     1.43835e+03
    2.33164e-03     1.44807e+03
    2.35004e-03     1.45784e+03
    2.36859e-03     1.46768e+03
    2.38728e-03     1.47755e+03
    2.40612e-03     1.48749e+03
    2.42510e-03     1.49747e+03
    2.44424e-03     1.50751e+03
    2.46353e-03     1.51760e+03
    2.48297e-03     1.52775e+03
    2.50256e-03     1.53794e+03
    2.52231e-03     1.54819e+03
    2.54221e-03     1.55849e+03
    2.56227e-03     1.56885e+03
    2.58249e-03     1.57926e+03
    2.60287e-03     1.58972e+03
    2.62341e-03     1.60024e+03
    2.64411e-03     1.61081e+03
    2.66498e-03     1.62143e+03
    2.68601e-03     1.63211e+03
    2.70721e-03     1.64284e+03
    2.72857e-03     1.65362e+03
    2.75010e-03     1.66445e+03
    2.77180e-03     1.67534e+03
    2.79368e-03     1.68628e+03
    2.81572e-03     1.69727e+03
    2.83794e-03     1.70832e+03
    2.86034e-03     1.71942e+03
    2.88291e-03     1.73057e+03
    2.90566e-03     1.74177e+03
    2.92859e-03     1.75303e+03
    2.95170e-03     1.76434e+03
    2.97499e-03     1.77570e+03
    2.99846e-03     1.78711e+03
    3.02213e-03     1.79859e+03
    3.04597e-03     1.81010e+03
    3.07001e-03     1.82167e+03
    3.09424e-03     1.83330e+03
    3.11865e-03     1.84497e+03
    3.14326e-03     1.85670e+03
    3.16807e-03     1.86848e+03
    3.19307e-03     1.88031e+03
    3.21827e-03     1.89220e+03
    3.24366e-03     1.90412e+03
    3.26926e-03     1.91611e+03
    3.29506e-03     1.92814e+03
    3.32106e-03     1.94023e+03
    3.34727e-03     1.95236e+03
    3.37368e-03     1.96455e+03
    3.40030e-03     1.97678e+03
    3.42713e-03     1.98906e+03
    3.45418e-03     2.00140e+03
    3.48144e-03     2.01379e+03
    3.50891e-03     2.02622e+03
    3.53660e-03     2.03870e+03
    3.56451e-03     2.05123e+03
    3.59264e-03     2.06381e+03
    3.62099e-03     2.07644e+03
    3.64956e-03     2.08912e+03
    3.67836e-03     2.10185e+03
    3.70739e-03     2.11462e+03
    3.73664e-03     2.12744e+03
    3.76613e-03     2.14030e+03
    3.79585e-03     2.15322e+03
    3.82580e-03     2.16618e+03
    3.85599e-03     2.17919e+03
    3.88642e-03     2.19224e+03
    3.91709e-03     2.20534e+03
    3.94800e-03     2.21848e+03
    3.97915e-03     2.23166e+03
    4.01055e-03     2.24489e+03
    4.04220e-03     2.25817e+03
    4.07410e-03     2.27149e+03
    4.10625e-03     2.28485e+03
    4.13865e-03     2.29825e+03
    4.17131e-03     2.31169e+03
    4.20423e-03     2.32518e+03
    4.23741e-03     2.33871e+03
    4.27084e-03     2.35227e+03
    4.30455e-03     2.36588e+03
    4.33851e-03     2.37953e+03
    4.37275e-03     2.39321e+03
    4.40726e-03     2.40694e+03
    4.44203e-03     2.42070e+03
    4.47709e-03     2.43450e+03
    4.51242e-03     2.44834e+03
    4.54803e-03     2.46221e+03
    4.58392e-03     2.47613e+03
    4.62009e-03     2.49007e+03
    4.65655e-03     2.50405e+03
    4.69329e-03     2.51806e+03
    4.73033e-03     2.53211e+03
    4.76766e-03     2.54619e+03
    4.80528e-03     2.56030e+03
    4.84320e-03     2.57444e+03
    4.88142e-03     2.58862e+03
    4.91994e-03     2.60282e+03
    4.95876e-03     2.61705e+03
    4.99789e-03     2.63131e+03
    5.03733e-03     2.64561e+03
    5.07708e-03     2.65993e+03
    5.11715e-03     2.67427e+03
    5.15753e-03     2.68864e+03
    5.19823e-03     2.70304e+03
    5.23925e-03     2.71746e+03
    5.28059e-03     2.73190e+03
    5.32226e-03     2.74637e+03
    5.36426e-03     2.76086e+03
    5.40659e-03     2.77538e+03
    5.44926e-03     2.78992e+03
    5.49226e-03     2.80447e+03
    5.53560e-03     2.81905e+03
    5.57928e-03     2.83364e+03
    5.62331e-03     2.84825e+03
    5.66768e-03     2.86288e+03
    5.71241e-03     2.87752e+03
    5.75748e-03     2.89217e+03
    5.80292e-03     2.90684e+03
    5.84871e-03     2.92151e+03
    5.89486e-03     2.93620e+03
    5.94138e-03     2.95089e+03
    5.98827e-03     2.96559e+03
    6.03552e-03     2.98030e+03
    6.08315e-03     2.99500e+03
    6.13115e-03     3.00971e+03
    6.17953e-03     3.02442e+03
    6.22830e-03     3.03914e+03
    6.27745e-03     3.05386e+03
    6.32698e-03     3.06857e+03
    6.37691e-03     3.08329e+03
    6.42723e-03     3.09801e+03
    6.47795e-03     3.11272e+03
    6.52907e-03     3.12743e+03
    6.58059e-03     3.14212e+03
    6.63252e-03     3.15682e+03
    6.68486e-03     3.17151e+03
    6.73761e-03     3.18619e+03
    6.79078e-03     3.20085e+03
    6.84437e-03     3.21551e+03
    6.89838e-03     3.23015e+03
    6.95281e-03     3.24477e+03
    7.00768e-03     3.25938e+03
    7.06298e-03     3.27397e+03
    7.11872e-03     3.28854e+03
    7.17489e-03     3.30308e+03
    7.23151e-03     3.31760e+03
    7.28857e-03     3.33209e+03
    7.34609e-03     3.34656e+03
    7.40406e-03     3.36100e+03
    7.46249e-03     3.37540e+03
    7.52138e-03     3.38978e+03
    7.58073e-03     3.40412e+03
    7.64055e-03     3.41842e+03
    7.70084e-03     3.43268e+03
    7.76161e-03     3.44692e+03
    7.82286e-03     3.46110e+03
    7.88459e-03     3.47526e+03
    7.94681e-03     3.48937e+03
    8.00952e-03     3.50343e+03
    8.07273e-03     3.51746e+03
    8.13643e-03     3.53144e+03
    8.20064e-03     3.54537e+03
    8.26535e-03     3.55925e+03
    8.33057e-03     3.57307e+03
    8.39631e-03     3.58685e+03
    8.46257e-03     3.60056e+03
    8.52935e-03     3.61422e+03
    8.59666e-03     3.62782e+03
    8.66449e-03     3.64136e+03
    8.73287e-03     3.65483e+03
    8.80178e-03     3.66823e+03
    8.87124e-03     3.68157e+03
    8.94124e-03     3.69483e+03
    9.01180e-03     3.70803e+03
    9.08291e-03     3.72113e+03
    9.15459e-03     3.73417e+03
    9.22683e-03     3.74713e+03
    9.29964e-03     3.76000e+03
    9.37303e-03     3.77279e+03
    9.44699e-03     3.78550e+03
    9.52154e-03     3.79812e+03
    9.59667e-03     3.81064e+03
    9.67240e-03     3.82308e+03
    9.74873e-03     3.83541e+03
    9.82566e-03     3.84766e+03
    9.90320e-03     3.85980e+03
    9.98135e-03     3.87184e+03
    1.00601e-02     3.88377e+03
    1.01395e-02     3.89561e+03
    1.02195e-02     3.90732e+03
    1.03002e-02     3.91896e+03
    1.03814e-02     3.93043e+03
    1.04634e-02     3.94183e+03
    1.05459e-02     3.95306e+03
    1.06291e-02     3.96419e+03
    1.07130e-02     3.97521e+03
    1.07976e-02     3.98612e+03
    1.08828e-02     3.99687e+03
    1.09686e-02     4.00747e+03
    1.10552e-02     4.01798e+03
    1.11424e-02     4.02831e+03
    1.12304e-02     4.03855e+03
    1.13190e-02     4.04862e+03
    1.14083e-02     4.05853e+03
    1.14983e-02     4.06830e+03
    1.15891e-02     4.07795e+03
    1.16805e-02     4.08741e+03
    1.17727e-02     4.09674e+03
    1.18656e-02     4.10590e+03
    1.19592e-02     4.11488e+03
    1.20536e-02     4.12374e+03
    1.21487e-02     4.13239e+03
    1.22446e-02     4.14091e+03
    1.23412e-02     4.14924e+03
    1.24386e-02     4.15740e+03
    1.25368e-02     4.16539e+03
    1.26357e-02     4.17318e+03
    1.27354e-02     4.18080e+03
    1.28359e-02     4.18823e+03
    1.29372e-02     4.19548e+03
    1.30393e-02     4.20253e+03
    1.31422e-02     4.20938e+03
    1.32459e-02     4.21604e+03
    1.33504e-02     4.22249e+03
    1.34558e-02     4.22877e+03
    1.35619e-02     4.23479e+03
    1.36690e-02     4.24065e+03
    1.37768e-02     4.24626e+03
    1.38855e-02     4.25166e+03
    1.39951e-02     4.25686e+03
    1.41056e-02     4.26186e+03
    1.42169e-02     4.26660e+03
    1.43291e-02     4.27113e+03
    1.44421e-02     4.27540e+03
    1.45561e-02     4.27947e+03
    1.46710e-02     4.28331e+03
    1.47867e-02     4.28687e+03
    1.49034e-02     4.29022e+03
    1.50210e-02     4.29333e+03
    1.51396e-02     4.29620e+03
    1.52590e-02     4.29880e+03
    1.53794e-02     4.30115e+03
    1.55008e-02     4.30326e+03
    1.56231e-02     4.30510e+03
    1.57464e-02     4.30669e+03
    1.58707e-02     4.30803e+03
    1.59959e-02     4.30909e+03
    1.61221e-02     4.30987e+03
    1.62494e-02     4.31042e+03
    1.63776e-02     4.31067e+03
    1.65068e-02     4.31063e+03
    1.66371e-02     4.31034e+03
    1.67684e-02     4.30977e+03
    1.69007e-02     4.30891e+03
    1.70341e-02     4.30777e+03
    1.71685e-02     4.30635e+03
    1.73040e-02     4.30463e+03
    1.74405e-02     4.30261e+03
    1.75781e-02     4.30031e+03
    1.77168e-02     4.29771e+03
    1.78567e-02     4.29483e+03
    1.79976e-02     4.29164e+03
    1.81396e-02     4.28814e+03
    1.82827e-02     4.28434e+03
    1.84270e-02     4.28026e+03
    1.85724e-02     4.27584e+03
    1.87190e-02     4.27115e+03
    1.88667e-02     4.26612e+03
    1.90156e-02     4.26080e+03
    1.91656e-02     4.25515e+03
    1.93169e-02     4.24921e+03
    1.94693e-02     4.24295e+03
    1.96229e-02     4.23636e+03
    1.97778e-02     4.22948e+03
    1.99339e-02     4.22228e+03
    2.00912e-02     4.21477e+03
    2.02497e-02     4.20691e+03
    2.04095e-02     4.19876e+03
    2.05705e-02     4.19028e+03
    2.07329e-02     4.18151e+03
    2.08965e-02     4.17239e+03
    2.10614e-02     4.16298e+03
    2.12276e-02     4.15324e+03
    2.13951e-02     4.14318e+03
    2.15639e-02     4.13280e+03
    2.17341e-02     4.12212e+03
    2.19056e-02     4.11112e+03
    2.20785e-02     4.09981e+03
    2.22527e-02     4.08817e+03
    2.24283e-02     4.07623e+03
    2.26053e-02     4.06398e+03
    2.27837e-02     4.05141e+03
    2.29635e-02     4.03855e+03
    2.31447e-02     4.02537e+03
    2.33273e-02     4.01186e+03
    2.35114e-02     3.99808e+03
    2.36969e-02     3.98398e+03
    2.38839e-02     3.96959e+03
    2.40724e-02     3.95491e+03
    2.42623e-02     3.93992e+03
    2.44538e-02     3.92465e+03
    2.46468e-02     3.90909e+03
    2.48413e-02     3.89325e+03
    2.50373e-02     3.87712e+03
    2.52349e-02     3.86072e+03
    2.54340e-02     3.84403e+03
    2.56347e-02     3.82709e+03
    2.58370e-02     3.80988e+03
    2.60409e-02     3.79240e+03
    2.62464e-02     3.77467e+03
    2.64535e-02     3.75669e+03
    2.66622e-02     3.73847e+03
    2.68726e-02     3.72001e+03
    2.70847e-02     3.70132e+03
    2.72984e-02     3.68239e+03
    2.75139e-02     3.66325e+03
    2.77310e-02     3.64386e+03
    2.79498e-02     3.62428e+03
    2.81704e-02     3.60450e+03
    2.83927e-02     3.58451e+03
    2.86167e-02     3.56432e+03
    2.88425e-02     3.54395e+03
    2.90701e-02     3.52339e+03
    2.92995e-02     3.50267e+03
    2.95307e-02     3.48178e+03
    2.97638e-02     3.46074e+03
    2.99986e-02     3.43953e+03
    3.02354e-02     3.41821e+03
    3.04740e-02     3.39673e+03
    3.07144e-02     3.37512e+03
    3.09568e-02     3.35340e+03
    3.12011e-02     3.33157e+03
    3.14473e-02     3.30962e+03
    3.16955e-02     3.28760e+03
    3.19456e-02     3.26548e+03
    3.21977e-02     3.24331e+03
    3.24518e-02     3.22104e+03
    3.27078e-02     3.19873e+03
    3.29659e-02     3.17636e+03
    3.32261e-02     3.15398e+03
    3.34883e-02     3.13154e+03
    3.37525e-02     3.10909e+03
    3.40189e-02     3.08661e+03
    3.42873e-02     3.06414e+03
    3.45579e-02     3.04169e+03
    3.48306e-02     3.01924e+03
    3.51055e-02     2.99683e+03
    3.53825e-02     2.97443e+03
    3.56617e-02     2.95210e+03
    3.59431e-02     2.92981e+03
    3.62268e-02     2.90759e+03
    3.65126e-02     2.88544e+03
    3.68008e-02     2.86339e+03
    3.70912e-02     2.84141e+03
    3.73839e-02     2.81954e+03
    3.76789e-02     2.79776e+03
    3.79762e-02     2.77612e+03
    3.82759e-02     2.75460e+03
    3.85779e-02     2.73321e+03
    3.88823e-02     2.71198e+03
    3.91892e-02     2.69090e+03
    3.94984e-02     2.66999e+03
    3.98101e-02     2.64924e+03
    4.01243e-02     2.62866e+03
    4.04409e-02     2.60828e+03
    4.07600e-02     2.58809e+03
    4.10817e-02     2.56810e+03
    4.14059e-02     2.54830e+03
    4.17326e-02     2.52874e+03
    4.20619e-02     2.50938e+03
    4.23938e-02     2.49025e+03
    4.27284e-02     2.47135e+03
    4.30656e-02     2.45268e+03
    4.34054e-02     2.43428e+03
    4.37479e-02     2.41610e+03
    4.40931e-02     2.39818e+03
    4.44411e-02     2.38053e+03
    4.47918e-02     2.36313e+03
    4.51452e-02     2.34599e+03
    4.55015e-02     2.32912e+03
    4.58606e-02     2.31251e+03
    4.62225e-02     2.29617e+03
    4.65872e-02     2.28010e+03
    4.69548e-02     2.26430e+03
    4.73254e-02     2.24878e+03
    4.76988e-02     2.23352e+03
    4.80752e-02     2.21854e+03
    4.84546e-02     2.20384e+03
    4.88370e-02     2.18940e+03
    4.92223e-02     2.17522e+03
    4.96108e-02     2.16132e+03
    5.00023e-02     2.14767e+03
    5.03968e-02     2.13429e+03
    5.07945e-02     2.12115e+03
    5.11954e-02     2.10826e+03
    5.15994e-02     2.09561e+03
    5.20065e-02     2.08319e+03
    5.24169e-02     2.07102e+03
    5.28306e-02     2.05905e+03
    5.32475e-02     2.04731e+03
    5.36676e-02     2.03577e+03
    5.40912e-02     2.02442e+03
    5.45180e-02     2.01326e+03
    5.49482e-02     2.00229e+03
    5.53818e-02     1.99148e+03
    5.58188e-02     1.98082e+03
    5.62593e-02     1.97030e+03
    5.67033e-02     1.95992e+03
    5.71507e-02     1.94963e+03
    5.76017e-02     1.93946e+03
    5.80563e-02     1.92940e+03
    5.85144e-02     1.91939e+03
    5.89762e-02     1.90945e+03
    5.94416e-02     1.89956e+03
    5.99106e-02     1.88970e+03
    6.03834e-02     1.87985e+03
    6.08599e-02     1.87000e+03
    6.13401e-02     1.86010e+03
    6.18242e-02     1.85019e+03
    6.23121e-02     1.84025e+03
    6.28038e-02     1.83022e+03
    6.32994e-02     1.82011e+03
    6.37989e-02     1.80991e+03
    6.43023e-02     1.79959e+03
    6.48098e-02     1.78913e+03
    6.53212e-02     1.77853e+03
    6.58367e-02     1.76775e+03
    6.63562e-02     1.75679e+03
    6.68798e-02     1.74565e+03
    6.74076e-02     1.73431e+03
    6.79395e-02     1.72275e+03
    6.84756e-02     1.71097e+03
    6.90160e-02     1.69893e+03
    6.95606e-02     1.68662e+03
    7.01095e-02     1.67406e+03
    7.06628e-02     1.66123e+03
    7.12204e-02     1.64813e+03
    7.17824e-02     1.63475e+03
    7.23489e-02     1.62107e+03
    7.29198e-02     1.60712e+03
    7.34952e-02     1.59287e+03
    7.40752e-02     1.57833e+03
    7.46597e-02     1.56350e+03
    7.52489e-02     1.54838e+03
    7.58427e-02     1.53298e+03
    7.64412e-02     1.51732e+03
    7.70444e-02     1.50138e+03
    7.76524e-02     1.48520e+03
    7.82651e-02     1.46876e+03
    7.88827e-02     1.45208e+03
    7.95052e-02     1.43520e+03
    8.01326e-02     1.41810e+03
    8.07650e-02     1.40082e+03
    8.14023e-02     1.38338e+03
    8.20447e-02     1.36578e+03
    8.26921e-02     1.34806e+03
    8.33446e-02     1.33024e+03
    8.40023e-02     1.31234e+03
    8.46652e-02     1.29439e+03
    8.53333e-02     1.27642e+03
    8.60067e-02     1.25844e+03
    8.66854e-02     1.24050e+03
    8.73694e-02     1.22262e+03
    8.80589e-02     1.20482e+03
    8.87538e-02     1.18712e+03
    8.94542e-02     1.16958e+03
    9.01601e-02     1.15222e+03
    9.08715e-02     1.13505e+03
    9.15886e-02     1.11811e+03
    9.23114e-02     1.10143e+03
    9.30398e-02     1.08501e+03
    9.37740e-02     1.06889e+03
    9.45140e-02     1.05309e+03
    9.52598e-02     1.03762e+03
    9.60116e-02     1.02253e+03
    9.67692e-02     1.00782e+03
    9.75328e-02     9.93533e+02
    9.83025e-02     9.79668e+02
    9.90782e-02     9.66219e+02
    9.98601e-02     9.53230e+02
    1.00648e-01     9.40668e+02
    1.01442e-01     9.28559e+02
    1.02243e-01     9.16923e+02
    1.03050e-01     9.05750e+02
    1.03863e-01     8.95037e+02
    1.04682e-01     8.84795e+02
    1.05508e-01     8.75018e+02
    1.06341e-01     8.65671e+02
    1.07180e-01     8.56762e+02
    1.08026e-01     8.48281e+02
    1.08878e-01     8.40190e+02
    1.09738e-01     8.32503e+02
    1.10604e-01     8.25189e+02
    1.11476e-01     8.18204e+02
    1.12356e-01     8.11563e+02
    1.13243e-01     8.05198e+02
    1.14136e-01     7.99103e+02
    1.15037e-01     7.93247e+02
    1.15945e-01     7.87580e+02
    1.16860e-01     7.82086e+02
    1.17782e-01     7.76723e+02
    1.18711e-01     7.71460e+02
    1.19648e-01     7.66260e+02
    1.20592e-01     7.61087e+02
    1.21544e-01     7.55903e+02
    1.22503e-01     7.50672e+02
    1.23470e-01     7.45342e+02
    1.24444e-01     7.39891e+02
    1.25426e-01     7.34307e+02
    1.26416e-01     7.28549e+02
    1.27413e-01     7.22586e+02
    1.28419e-01     7.16400e+02
    1.29432e-01     7.09949e+02
    1.30454e-01     7.03226e+02
    1.31483e-01     6.96214e+02
    1.32521e-01     6.88920e+02
    1.33566e-01     6.81326e+02
    1.34620e-01     6.73441e+02
    1.35683e-01     6.65256e+02
    1.36753e-01     6.56769e+02
    1.37833e-01     6.48011e+02
    1.38920e-01     6.38991e+02
    1.40017e-01     6.29745e+02
    1.41121e-01     6.20282e+02
    1.42235e-01     6.10641e+02
    1.43357e-01     6.00845e+02
    1.44489e-01     5.90935e+02
    1.45629e-01     5.80946e+02
    1.46778e-01     5.70921e+02
    1.47936e-01     5.60900e+02
    1.49104e-01     5.50927e+02
    1.50280e-01     5.41037e+02
    1.51466e-01     5.31272e+02
    1.52661e-01     5.21667e+02
    1.53866e-01     5.12264e+02
    1.55080e-01     5.03101e+02
    1.56304e-01     4.94212e+02
    1.57538e-01     4.85619e+02
    1.58781e-01     4.77341e+02
    1.60034e-01     4.69404e+02
    1.61297e-01     4.61830e+02
    1.62569e-01     4.54630e+02
    1.63852e-01     4.47814e+02
    1.65145e-01     4.41373e+02
    1.66448e-01     4.35307e+02
    1.67762e-01     4.29616e+02
    1.69086e-01     4.24287e+02
    1.70420e-01     4.19301e+02
    1.71765e-01     4.14633e+02
    1.73120e-01     4.10256e+02
    1.74486e-01     4.06145e+02
    1.75863e-01     4.02268e+02
    1.77251e-01     3.98590e+02
    1.78650e-01     3.95071e+02
    1.80060e-01     3.91670e+02
    1.81481e-01     3.88349e+02
    1.82913e-01     3.85066e+02
    1.84356e-01     3.81787e+02
    1.85811e-01     3.78471e+02
    1.87277e-01     3.75077e+02
    1.88755e-01     3.71571e+02
    1.90244e-01     3.67929e+02
    1.91746e-01     3.64132e+02
    1.93259e-01     3.60150e+02
    1.94784e-01     3.55967e+02
    1.96321e-01     3.51580e+02
    1.97870e-01     3.46991e+02
    1.99432e-01     3.42204e+02
    2.01005e-01     3.37221e+02
    2.02592e-01     3.32067e+02
    2.04190e-01     3.26758e+02
    2.05802e-01     3.21330e+02
    2.07426e-01     3.15807e+02
    2.09062e-01     3.10220e+02
    2.10712e-01     3.04611e+02
    2.12375e-01     2.99016e+02
    2.14051e-01     2.93474e+02
    2.15740e-01     2.88019e+02
    2.17442e-01     2.82681e+02
    2.19158e-01     2.77496e+02
    2.20888e-01     2.72496e+02
    2.22631e-01     2.67696e+02
    2.24388e-01     2.63115e+02
    2.26158e-01     2.58769e+02
    2.27943e-01     2.54669e+02
    2.29742e-01     2.50808e+02
    2.31555e-01     2.47182e+02
    2.33382e-01     2.43785e+02
    2.35224e-01     2.40601e+02
    2.37080e-01     2.37607e+02
    2.38951e-01     2.34780e+02
    2.40836e-01     2.32095e+02
    2.42737e-01     2.29521e+02
    2.44652e-01     2.27026e+02
    2.46583e-01     2.24577e+02
    2.48529e-01     2.22145e+02
    2.50490e-01     2.19702e+02
    2.52467e-01     2.17216e+02
    2.54459e-01     2.14667e+02
    2.56467e-01     2.12039e+02
    2.58491e-01     2.09315e+02
    2.60530e-01     2.06486e+02
    2.62586e-01     2.03554e+02
    2.64658e-01     2.00522e+02
    2.66747e-01     1.97398e+02
    2.68852e-01     1.94198e+02
    2.70973e-01     1.90939e+02
    2.73112e-01     1.87643e+02
    2.75267e-01     1.84334e+02
    2.77439e-01     1.81040e+02
    2.79628e-01     1.77783e+02
    2.81835e-01     1.74590e+02
    2.84059e-01     1.71482e+02
    2.86301e-01     1.68478e+02
    2.88560e-01     1.65591e+02
    2.90837e-01     1.62832e+02
    2.93132e-01     1.60207e+02
    2.95445e-01     1.57716e+02
    2.97777e-01     1.55356e+02
    3.00127e-01     1.53116e+02
    3.02495e-01     1.50984e+02
    3.04882e-01     1.48944e+02
    3.07288e-01     1.46978e+02
    3.09713e-01     1.45065e+02
    3.12157e-01     1.43187e+02
    3.14620e-01     1.41323e+02
    3.17103e-01     1.39455e+02
    3.19605e-01     1.37568e+02
    3.22127e-01     1.35653e+02
    3.24669e-01     1.33700e+02
    3.27231e-01     1.31707e+02
    3.29813e-01     1.29674e+02
    3.32416e-01     1.27607e+02
    3.35039e-01     1.25514e+02
    3.37683e-01     1.23406e+02
    3.40348e-01     1.21298e+02
    3.43034e-01     1.19203e+02
    3.45741e-01     1.17136e+02
    3.48469e-01     1.15110e+02
    3.51219e-01     1.13140e+02
    3.53990e-01     1.11229e+02
    3.56784e-01     1.09389e+02
    3.59599e-01     1.07618e+02
    3.62437e-01     1.05918e+02
    3.65297e-01     1.04284e+02
    3.68179e-01     1.02710e+02
    3.71085e-01     1.01188e+02
    3.74013e-01     9.97062e+01
    3.76965e-01     9.82544e+01
    3.79939e-01     9.68210e+01
    3.82937e-01     9.53966e+01
    3.85959e-01     9.39739e+01
    3.89005e-01     9.25457e+01
    3.92075e-01     9.11104e+01
    3.95169e-01     8.96666e+01
    3.98287e-01     8.82154e+01
    4.01430e-01     8.67617e+01
    4.04598e-01     8.53111e+01
    4.07791e-01     8.38708e+01
    4.11009e-01     8.24487e+01
    4.14252e-01     8.10518e+01
    4.17521e-01     7.96845e+01
    4.20816e-01     7.83535e+01
    4.24136e-01     7.70591e+01
    4.27483e-01     7.58039e+01
    4.30857e-01     7.45859e+01
    4.34257e-01     7.34020e+01
    4.37683e-01     7.22469e+01
    4.41137e-01     7.11165e+01
    4.44618e-01     7.00053e+01
    4.48127e-01     6.89085e+01
    4.51663e-01     6.78216e+01
    4.55227e-01     6.67398e+01
    4.58820e-01     6.56634e+01
    4.62440e-01     6.45913e+01
    4.66090e-01     6.35256e+01
    4.69768e-01     6.24670e+01
    4.73475e-01     6.14188e+01
    4.77211e-01     6.03835e+01
    4.80977e-01     5.93668e+01
    4.84772e-01     5.83685e+01
    4.88598e-01     5.73926e+01
    4.92453e-01     5.64388e+01
    4.96339e-01     5.55071e+01
    5.00256e-01     5.45958e+01
    5.04204e-01     5.37039e+01
    5.08182e-01     5.28288e+01
    5.12193e-01     5.19677e+01
    5.16234e-01     5.11179e+01
    5.20308e-01     5.02780e+01
    5.24414e-01     4.94473e+01
    5.28552e-01     4.86248e+01
    5.32723e-01     4.78108e+01
    5.36927e-01     4.70067e+01
    5.41164e-01     4.62133e+01
    5.45435e-01     4.54312e+01
    5.49739e-01     4.46613e+01
    5.54077e-01     4.39034e+01
    5.58449e-01     4.31567e+01
    5.62856e-01     4.24229e+01
    5.67298e-01     4.17010e+01
    5.71774e-01     4.09909e+01
    5.76286e-01     4.02927e+01
    5.80834e-01     3.96063e+01
    5.85417e-01     3.89316e+01
    5.90037e-01     3.82679e+01
    5.94693e-01     3.76166e+01
    5.99386e-01     3.69768e+01
    6.04116e-01     3.63479e+01
    6.08883e-01     3.57298e+01
    6.13688e-01     3.51231e+01
    6.18531e-01     3.45270e+01
    6.23412e-01     3.39415e+01
    6.28331e-01     3.33664e+01
    6.33289e-01     3.28013e+01
    6.38287e-01     3.22462e+01
    6.43324e-01     3.17007e+01
    6.48400e-01     3.11645e+01
    6.53517e-01     3.06374e+01
    6.58674e-01     3.01189e+01
    6.63872e-01     2.96089e+01
    6.69110e-01     2.91069e+01
    6.74391e-01     2.86126e+01
    6.79712e-01     2.81256e+01
    6.85076e-01     2.76456e+01
    6.90482e-01     2.71723e+01
    6.95931e-01     2.67059e+01
    7.01423e-01     2.62463e+01
    7.06958e-01     2.57936e+01
    7.12536e-01     2.53478e+01
    7.18159e-01     2.49089e+01
    7.23826e-01     2.44769e+01
    7.29538e-01     2.40516e+01
    7.35295e-01     2.36333e+01
    7.41098e-01     2.32217e+01
    7.46946e-01     2.28169e+01
    7.52840e-01     2.24188e+01
    7.58781e-01     2.20274e+01
    7.64769e-01     2.16425e+01
    7.70804e-01     2.12642e+01
    7.76886e-01     2.08923e+01
    7.83017e-01     2.05268e+01
    7.89196e-01     2.01676e+01
    7.95423e-01     1.98145e+01
    8.01700e-01     1.94676e+01
    8.08027e-01     1.91265e+01
    8.14403e-01     1.87912e+01
    8.20830e-01     1.84616e+01
    8.27307e-01     1.81376e+01
    8.33835e-01     1.78188e+01
    8.40415e-01     1.75053e+01
    8.47047e-01     1.71968e+01
    8.53732e-01     1.68932e+01
    8.60468e-01     1.65943e+01
    8.67259e-01     1.63001e+01
    8.74102e-01     1.60107e+01
    8.81000e-01     1.57260e+01
    8.87952e-01     1.54460e+01
    8.94959e-01     1.51707e+01
    9.02022e-01     1.49002e+01
    9.09140e-01     1.46342e+01
    9.16314e-01     1.43729e+01
    9.23545e-01     1.41162e+01
    9.30833e-01     1.38641e+01
    9.38178e-01     1.36165e+01
    9.45581e-01     1.33733e+01
    9.53043e-01     1.31345e+01
    9.60564e-01     1.29000e+01
    9.68144e-01     1.26698e+01
    9.75784e-01     1.24439e+01
    9.83484e-01     1.22220e+01
    9.91245e-01     1.20042e+01
    9.99067e-01     1.17903e+01
    1.00695e+00     1.15803e+01
    1.01490e+00     1.13740e+01
    1.02291e+00     1.11713e+01
    1.03098e+00     1.09722e+01
    1.03911e+00     1.07764e+01
    1.04731e+00     1.05839e+01
    1.05558e+00     1.03946e+01
    1.06391e+00     1.02083e+01
    1.07230e+00     1.00248e+01
    1.08076e+00     9.84417e+00
    1.08929e+00     9.66651e+00
    1.09789e+00     9.49175e+00
    1.10655e+00     9.31978e+00
    1.11528e+00     9.15073e+00
    1.12409e+00     8.98461e+00
    1.13296e+00     8.82128e+00
    1.14190e+00     8.66076e+00
    1.15091e+00     8.50304e+00
    1.15999e+00     8.34814e+00
    1.16914e+00     8.19600e+00
    1.17837e+00     8.04663e+00
    1.18767e+00     7.89997e+00
    1.19704e+00     7.75598e+00
    1.20649e+00     7.61464e+00
    1.21601e+00     7.47584e+00
    1.22560e+00     7.33960e+00
    1.23527e+00     7.20592e+00
    1.24502e+00     7.07469e+00
    1.25485e+00     6.94585e+00
    1.26475e+00     6.81934e+00
    1.27473e+00     6.69510e+00
    1.28479e+00     6.57311e+00
    1.29493e+00     6.45324e+00
    1.30515e+00     6.33546e+00
    1.31544e+00     6.21960e+00
    1.32583e+00     6.10578e+00
    1.33629e+00     5.99372e+00
    1.34683e+00     5.88350e+00
    1.35746e+00     5.77512e+00
    1.36817e+00     5.66852e+00
    1.37897e+00     5.56381e+00
    1.38985e+00     5.46086e+00
    1.40082e+00     5.35973e+00
    1.41187e+00     5.26038e+00
    1.42301e+00     5.16284e+00
    1.43424e+00     5.06704e+00
    1.44556e+00     4.97303e+00
    1.45697e+00     4.88077e+00
    1.46847e+00     4.79019e+00
    1.48005e+00     4.70128e+00
    1.49173e+00     4.61410e+00
    1.50351e+00     4.52857e+00
    1.51537e+00     4.44465e+00
    1.52733e+00     4.36229e+00
    1.53938e+00     4.28154e+00
    1.55153e+00     4.20229e+00
    1.56377e+00     4.12452e+00
    1.57611e+00     4.04822e+00
    1.58855e+00     3.97336e+00
    1.60108e+00     3.89983e+00
    1.61372e+00     3.82763e+00
    1.62645e+00     3.75674e+00
    1.63929e+00     3.68706e+00
    1.65222e+00     3.61855e+00
    1.66526e+00     3.55117e+00
    1.67840e+00     3.48490e+00
    1.69165e+00     3.41978e+00
    1.70500e+00     3.35572e+00
    1.71845e+00     3.29277e+00
    1.73201e+00     3.23090e+00
    1.74568e+00     3.17014e+00
    1.75945e+00     3.11046e+00
    1.77334e+00     3.05189e+00
    1.78733e+00     2.99439e+00
    1.80144e+00     2.93794e+00
    1.81565e+00     2.88252e+00
    1.82998e+00     2.82817e+00
    1.84442e+00     2.77485e+00
    1.85898e+00     2.72255e+00
    1.87365e+00     2.67126e+00
    1.88843e+00     2.62094e+00
    1.90333e+00     2.57158e+00
    1.91835e+00     2.52320e+00
    1.93349e+00     2.47574e+00
    1.94875e+00     2.42919e+00
    1.96413e+00     2.38353e+00
    1.97963e+00     2.33871e+00
    1.99525e+00     2.29475e+00
    2.01099e+00     2.25160e+00
    2.02686e+00     2.20921e+00
    2.04286e+00     2.16760e+00
    2.05898e+00     2.12673e+00
    2.07522e+00     2.08652e+00
    2.09160e+00     2.04698e+00
    2.10811e+00     2.00816e+00
    2.12474e+00     1.96995e+00
    2.14151e+00     1.93246e+00
    2.15841e+00     1.89561e+00
    2.17544e+00     1.85943e+00
    2.19261e+00     1.82393e+00
    2.20991e+00     1.78905e+00
    2.22735e+00     1.75484e+00
    2.24492e+00     1.72128e+00
    2.26264e+00     1.68836e+00
    2.28049e+00     1.65607e+00
    2.29849e+00     1.62438e+00
    2.31663e+00     1.59333e+00
    2.33491e+00     1.56288e+00
    2.35333e+00     1.53304e+00
    2.37190e+00     1.50377e+00
    2.39062e+00     1.47510e+00
    2.40949e+00     1.44696e+00
    2.42850e+00     1.41939e+00
    2.44766e+00     1.39235e+00
    2.46698e+00     1.36583e+00
    2.48645e+00     1.33982e+00
    2.50607e+00     1.31430e+00
    2.52584e+00     1.28925e+00
    2.54578e+00     1.26466e+00
    2.56587e+00     1.24051e+00
    2.58611e+00     1.21677e+00
    2.60652e+00     1.19344e+00
    2.62709e+00     1.17051e+00
    2.64782e+00     1.14798e+00
    2.66871e+00     1.12585e+00
    2.68977e+00     1.10412e+00
    2.71100e+00     1.08278e+00
    2.73239e+00     1.06183e+00
    2.75395e+00     1.04128e+00
    2.77569e+00     1.02112e+00
    2.79759e+00     1.00134e+00
    2.81967e+00     9.81935e-01
    2.84192e+00     9.62912e-01
    2.86434e+00     9.44260e-01
    2.88695e+00     9.25976e-01
    2.90973e+00     9.08056e-01
    2.93269e+00     8.90490e-01
    2.95583e+00     8.73272e-01
    2.97916e+00     8.56399e-01
    3.00267e+00     8.39861e-01
    3.02636e+00     8.23651e-01
    3.05024e+00     8.07762e-01
    3.07431e+00     7.92184e-01
    3.09857e+00     7.76909e-01
    3.12302e+00     7.61929e-01
    3.14767e+00     7.47233e-01
    3.17251e+00     7.32809e-01
    3.19754e+00     7.18647e-01
    3.22278e+00     7.04738e-01
    3.24821e+00     6.91068e-01
    3.27384e+00     6.77635e-01
    3.29967e+00     6.64439e-01
    3.32571e+00     6.51481e-01
    3.35196e+00     6.38757e-01
    3.37841e+00     6.26268e-01
    3.40507e+00     6.14011e-01
    3.43194e+00     6.01988e-01
    3.45902e+00     5.90192e-01
    3.48632e+00     5.78626e-01
    3.51383e+00     5.67283e-01
    3.54155e+00     5.56164e-01
    3.56950e+00     5.45267e-01
    3.59767e+00     5.34586e-01
    3.62606e+00     5.24119e-01
    3.65467e+00     5.13863e-01
    3.68351e+00     5.03813e-01
    3.71258e+00     4.93967e-01
    3.74188e+00     4.84321e-01
    3.77141e+00     4.74868e-01
    3.80117e+00     4.65605e-01
    3.83116e+00     4.56526e-01
    3.86140e+00     4.47627e-01
    3.89187e+00     4.38903e-01
    3.92258e+00     4.30346e-01
    3.95353e+00     4.21951e-01
    3.98473e+00     4.13712e-01
    4.01617e+00     4.05622e-01
    4.04787e+00     3.97675e-01
    4.07981e+00     3.89868e-01
    4.11200e+00     3.82197e-01
    4.14445e+00     3.74667e-01
    4.17716e+00     3.67276e-01
    4.21012e+00     3.60020e-01
    4.24334e+00     3.52900e-01
    4.27683e+00     3.45919e-01
    4.31058e+00     3.39069e-01
    4.34459e+00     3.32355e-01
    4.37888e+00     3.25772e-01
    4.41343e+00     3.19319e-01
    4.44826e+00     3.12997e-01
    4.48336e+00     3.06802e-01
    4.51874e+00     3.00733e-01
    4.55440e+00     2.94785e-01
    4.59034e+00     2.88961e-01
    4.62656e+00     2.83255e-01
    4.66307e+00     2.77666e-01
    4.69987e+00     2.72191e-01
    4.73696e+00     2.66827e-01
    4.77434e+00     2.61572e-01
    4.81201e+00     2.56422e-01
    4.84999e+00     2.51374e-01
    4.88826e+00     2.46425e-01
    4.92683e+00     2.41572e-01
    4.96571e+00     2.36810e-01
    5.00490e+00     2.32136e-01
    5.04439e+00     2.27546e-01
    5.08420e+00     2.23038e-01
    5.12432e+00     2.18609e-01
    5.16476e+00     2.14262e-01
    5.20551e+00     2.09995e-01
    5.24659e+00     2.05807e-01
    5.28799e+00     2.01699e-01
    5.32972e+00     1.97670e-01
    5.37178e+00     1.93720e-01
    5.41417e+00     1.89847e-01
    5.45689e+00     1.86052e-01
    5.49995e+00     1.82332e-01
    5.54335e+00     1.78687e-01
    5.58710e+00     1.75116e-01
    5.63119e+00     1.71618e-01
    5.67562e+00     1.68193e-01
    5.72041e+00     1.64838e-01
    5.76555e+00     1.61552e-01
    5.81105e+00     1.58334e-01
    5.85691e+00     1.55183e-01
    5.90312e+00     1.52096e-01
    5.94971e+00     1.49073e-01
    5.99666e+00     1.46111e-01
    6.04398e+00     1.43209e-01
    6.09167e+00     1.40365e-01
    6.13974e+00     1.37576e-01
    6.18819e+00     1.34840e-01
    6.23703e+00     1.32157e-01
    6.28624e+00     1.29521e-01
    6.33585e+00     1.26934e-01
    6.38585e+00     1.24393e-01
    6.43624e+00     1.21899e-01
    6.48703e+00     1.19450e-01
    6.53822e+00     1.17048e-01
    6.58982e+00     1.14692e-01
    6.64182e+00     1.12381e-01
    6.69423e+00     1.10116e-01
    6.74705e+00     1.07896e-01
    6.80030e+00     1.05720e-01
    6.85396e+00     1.03587e-01
    6.90805e+00     1.01498e-01
    6.96256e+00     9.94523e-02
    7.01750e+00     9.74493e-02
    7.07288e+00     9.54867e-02
    7.12869e+00     9.35654e-02
    7.18495e+00     9.16840e-02
    7.24164e+00     8.98418e-02
    7.29879e+00     8.80391e-02
    7.35639e+00     8.62729e-02
    7.41444e+00     8.45430e-02
    7.47295e+00     8.28503e-02
    7.53192e+00     8.11899e-02
    7.59135e+00     7.95651e-02
    7.65126e+00     7.79711e-02
    7.71163e+00     7.64088e-02
    7.77249e+00     7.48759e-02
    7.83382e+00     7.33720e-02
    7.89564e+00     7.18949e-02
    7.95795e+00     7.04444e-02
    8.02075e+00     6.90214e-02
    8.08404e+00     6.76247e-02
    8.14783e+00     6.62541e-02
    8.21213e+00     6.49095e-02
    8.27693e+00     6.35917e-02
    8.34225e+00     6.23006e-02
    8.40808e+00     6.10338e-02
    8.47443e+00     5.97933e-02
    8.54130e+00     5.85778e-02
    8.60870e+00     5.73872e-02
    8.67664e+00     5.62213e-02
    8.74510e+00     5.50799e-02
    8.81411e+00     5.39618e-02
    8.88367e+00     5.28669e-02
    8.95377e+00     5.17959e-02
    9.02443e+00     5.07468e-02
    9.09564e+00     4.97202e-02
    9.16742e+00     4.87152e-02
    9.23976e+00     4.77314e-02
    9.31267e+00     4.67676e-02
    9.38616e+00     4.58239e-02
    9.46023e+00     4.48995e-02
    9.53488e+00     4.39935e-02
    9.61012e+00     4.31055e-02
    9.68596e+00     4.22347e-02
    9.76239e+00     4.13804e-02
    9.83943e+00     4.05419e-02
    9.91708e+00     3.97185e-02
    9.99533e+00     3.89103e-02
    1.00742e+01     3.81174e-02
    1.01537e+01     3.73395e-02
    1.02338e+01     3.65766e-02
    1.03146e+01     3.58288e-02
    1.03960e+01     3.50958e-02
    1.04780e+01     3.43772e-02
    1.05607e+01     3.36734e-02
    1.06440e+01     3.29838e-02
    1.07280e+01     3.23085e-02
    1.08127e+01     3.16474e-02
    1.08980e+01     3.09999e-02
    1.09840e+01     3.03662e-02
    1.10707e+01     2.97459e-02
    1.11581e+01     2.91387e-02
    1.12461e+01     2.85443e-02
    1.13349e+01     2.79627e-02
    1.14243e+01     2.73932e-02
    1.15144e+01     2.68357e-02
    1.16053e+01     2.62902e-02
    1.16969e+01     2.57560e-02
    1.17892e+01     2.52327e-02
    1.18822e+01     2.47201e-02
    1.19760e+01     2.42178e-02
    1.20705e+01     2.37254e-02
    1.21657e+01     2.32423e-02
    1.22618e+01     2.27685e-02
    1.23585e+01     2.23031e-02
    1.24560e+01     2.18464e-02
    1.25543e+01     2.13984e-02
    1.26534e+01     2.09589e-02
    1.27532e+01     2.05279e-02
    1.28539e+01     2.01054e-02
    1.29553e+01     1.96913e-02
    1.30576e+01     1.92856e-02
    1.31606e+01     1.88880e-02
    1.32644e+01     1.84986e-02
    1.33691e+01     1.81173e-02
    1.34746e+01     1.77440e-02
    1.35809e+01     1.73785e-02
    1.36881e+01     1.70209e-02
    1.37961e+01     1.66708e-02
    1.39050e+01     1.63282e-02
    1.40147e+01     1.59928e-02
    1.41253e+01     1.56647e-02
    1.42368e+01     1.53437e-02
    1.43491e+01     1.50293e-02
    1.44624e+01     1.47218e-02
    1.45765e+01     1.44206e-02
    1.46915e+01     1.41258e-02
    1.48075e+01     1.38370e-02
    1.49243e+01     1.35541e-02
    1.50421e+01     1.32768e-02
    1.51608e+01     1.30049e-02
    1.52804e+01     1.27381e-02
    1.54010e+01     1.24763e-02
    1.55225e+01     1.22193e-02
    1.56450e+01     1.19672e-02
    1.57685e+01     1.17200e-02
    1.58929e+01     1.14776e-02
    1.60183e+01     1.12399e-02
    1.61447e+01     1.10070e-02
    1.62721e+01     1.07787e-02
    1.64005e+01     1.05552e-02
    1.65300e+01     1.03363e-02
    1.66604e+01     1.01219e-02
    1.67919e+01     9.91200e-03
    1.69244e+01     9.70658e-03
    1.70579e+01     9.50547e-03
    1.71925e+01     9.30874e-03
    1.73282e+01     9.11617e-03
    1.74649e+01     8.92780e-03
    1.76028e+01     8.74351e-03
    1.77417e+01     8.56312e-03
    1.78817e+01     8.38664e-03
    1.80228e+01     8.21392e-03
    1.81650e+01     8.04487e-03
    1.83083e+01     7.87936e-03
    1.84528e+01     7.71728e-03
    1.85984e+01     7.55858e-03
    1.87452e+01     7.40308e-03
    1.88931e+01     7.25059e-03
    1.90422e+01     7.10110e-03
    1.91925e+01     6.95433e-03
    1.93439e+01     6.81034e-03
    1.94966e+01     6.66906e-03
    1.96504e+01     6.53052e-03
    1.98055e+01     6.39470e-03
    1.99618e+01     6.26150e-03
    2.01193e+01     6.13100e-03
    2.02781e+01     6.00315e-03
    2.04381e+01     5.87796e-03
    2.05994e+01     5.75528e-03
    2.07619e+01     5.63521e-03
    2.09258e+01     5.51767e-03
    2.10909e+01     5.40261e-03
    2.12573e+01     5.29006e-03
    2.14251e+01     5.17990e-03
    2.15941e+01     5.07208e-03
    2.17646e+01     4.96667e-03
    2.19363e+01     4.86347e-03
    2.21094e+01     4.76257e-03
    2.22839e+01     4.66384e-03
    2.24597e+01     4.56720e-03
    2.26370e+01     4.47268e-03
    2.28156e+01     4.38011e-03
    2.29956e+01     4.28952e-03
    2.31771e+01     4.20079e-03
    2.33600e+01     4.11392e-03
    2.35443e+01     4.02873e-03
    2.37301e+01     3.94521e-03
    2.39174e+01     3.86328e-03
    2.41061e+01     3.78288e-03
    2.42963e+01     3.70402e-03
    2.44881e+01     3.62668e-03
    2.46813e+01     3.55081e-03
    2.48761e+01     3.47648e-03
    2.50724e+01     3.40364e-03
    2.52702e+01     3.33226e-03
    2.54696e+01     3.26236e-03
    2.56706e+01     3.19392e-03
    2.58732e+01     3.12693e-03
    2.60774e+01     3.06132e-03
    2.62832e+01     2.99714e-03
    2.64906e+01     2.93433e-03
    2.66996e+01     2.87287e-03
    2.69103e+01     2.81272e-03
    2.71227e+01     2.75391e-03
    2.73367e+01     2.69639e-03
    2.75524e+01     2.64010e-03
    2.77698e+01     2.58508e-03
    2.79890e+01     2.53120e-03
    2.82098e+01     2.47853e-03
    2.84324e+01     2.42694e-03
    2.86568e+01     2.37647e-03
    2.88829e+01     2.32707e-03
    2.91109e+01     2.27866e-03
    2.93406e+01     2.23123e-03
    2.95721e+01     2.18477e-03
    2.98055e+01     2.13917e-03
    3.00407e+01     2.09442e-03
    3.02777e+01     2.05055e-03
    3.05167e+01     2.00750e-03
    3.07575e+01     1.96531e-03
    3.10002e+01     1.92396e-03
    3.12448e+01     1.88342e-03
    3.14914e+01     1.84371e-03
    3.17399e+01     1.80485e-03
    3.19904e+01     1.76679e-03
    3.22428e+01     1.72949e-03
    3.24972e+01     1.69302e-03
    3.27537e+01     1.65734e-03
    3.30121e+01     1.62240e-03
    3.32727e+01     1.58823e-03
    3.35352e+01     1.55481e-03
    3.37998e+01     1.52211e-03
    3.40666e+01     1.49014e-03
    3.43354e+01     1.45886e-03
    3.46063e+01     1.42827e-03
    3.48794e+01     1.39834e-03
    3.51547e+01     1.36908e-03
    3.54321e+01     1.34043e-03
    3.57117e+01     1.31240e-03
    3.59935e+01     1.28497e-03
    3.62775e+01     1.25810e-03
    3.65638e+01     1.23179e-03
    3.68523e+01     1.20599e-03
    3.71431e+01     1.18070e-03
    3.74363e+01     1.15590e-03
    3.77317e+01     1.13156e-03
    3.80294e+01     1.10769e-03
    3.83295e+01     1.08429e-03
    3.86320e+01     1.06136e-03
    3.89368e+01     1.03889e-03
    3.92441e+01     1.01688e-03
    3.95538e+01     9.95317e-04
    3.98659e+01     9.74211e-04
    4.01805e+01     9.53548e-04
    4.04976e+01     9.33327e-04
    4.08171e+01     9.13537e-04
    4.11392e+01     8.94175e-04
    4.14639e+01     8.75238e-04
    4.17911e+01     8.56714e-04
    4.21209e+01     8.38598e-04
    4.24532e+01     8.20876e-04
    4.27883e+01     8.03552e-04
    4.31259e+01     7.86604e-04
    4.34662e+01     7.70031e-04
    4.38092e+01     7.53821e-04
    4.41549e+01     7.37960e-04
    4.45034e+01     7.22445e-04
    4.48546e+01     7.07258e-04
    4.52085e+01     6.92389e-04
    4.55653e+01     6.77831e-04
    4.59248e+01     6.63563e-04
    4.62872e+01     6.49578e-04
    4.66525e+01     6.35860e-04
    4.70206e+01     6.22402e-04
    4.73917e+01     6.09208e-04
    4.77657e+01     5.96272e-04
    4.81426e+01     5.83591e-04
    4.85225e+01     5.71168e-04
    4.89054e+01     5.58998e-04
    4.92913e+01     5.47080e-04
    4.96803e+01     5.35411e-04
    5.00723e+01     5.23990e-04
    5.04675e+01     5.12813e-04
    5.08657e+01     5.01875e-04
    5.12671e+01     4.91177e-04
    5.16717e+01     4.80710e-04
    5.20794e+01     4.70475e-04
    5.24904e+01     4.60464e-04
    5.29046e+01     4.50676e-04
    5.33221e+01     4.41105e-04
    5.37429e+01     4.31747e-04
    5.41670e+01     4.22594e-04
    5.45944e+01     4.13643e-04
    5.50252e+01     4.04889e-04
    5.54594e+01     3.96325e-04
    5.58971e+01     3.87946e-04
    5.63382e+01     3.79745e-04
    5.67827e+01     3.71715e-04
    5.72308e+01     3.63848e-04
    5.76825e+01     3.56141e-04
    5.81376e+01     3.48584e-04
    5.85964e+01     3.41169e-04
    5.90588e+01     3.33900e-04
    5.95249e+01     3.26775e-04
    5.99946e+01     3.19791e-04
    6.04680e+01     3.12949e-04
    6.09452e+01     3.06246e-04
    6.14261e+01     2.99683e-04
    6.19108e+01     2.93259e-04
    6.23994e+01     2.86970e-04
    6.28918e+01     2.80816e-04
    6.33881e+01     2.74795e-04
    6.38883e+01     2.68903e-04
    6.43925e+01     2.63140e-04
    6.49006e+01     2.57505e-04
    6.54127e+01     2.51994e-04
    6.59289e+01     2.46606e-04
    6.64492e+01     2.41335e-04
    6.69735e+01     2.36182e-04
    6.75020e+01     2.31143e-04
    6.80347e+01     2.26214e-04
    6.85716e+01     2.21392e-04
    6.91127e+01     2.16674e-04
    6.96581e+01     2.12058e-04
    7.02078e+01     2.07539e-04
    7.07618e+01     2.03115e-04
    7.13202e+01     1.98779e-04
    7.18830e+01     1.94530e-04
    7.24503e+01     1.90361e-04
    7.30220e+01     1.86272e-04
    7.35982e+01     1.82259e-04
    7.41790e+01     1.78324e-04
    7.47643e+01     1.74466e-04
    7.53543e+01     1.70687e-04
    7.59490e+01     1.66983e-04
    7.65483e+01     1.63355e-04
    7.71524e+01     1.59803e-04
    7.77612e+01     1.56327e-04
    7.83748e+01     1.52925e-04
    7.89933e+01     1.49599e-04
    7.96166e+01     1.46345e-04
    8.02449e+01     1.43165e-04
    8.08781e+01     1.40056e-04
    8.15164e+01     1.37018e-04
    8.21596e+01     1.34051e-04
    8.28080e+01     1.31153e-04
    8.34614e+01     1.28322e-04
    8.41200e+01     1.25559e-04
    8.47838e+01     1.22861e-04
    8.54529e+01     1.20227e-04
    8.61272e+01     1.17657e-04
    8.68069e+01     1.15147e-04
    8.74919e+01     1.12699e-04
    8.81823e+01     1.10309e-04
    8.88782e+01     1.07976e-04
    8.95795e+01     1.05697e-04
    9.02864e+01     1.03472e-04
    9.09989e+01     1.01298e-04
    9.17170e+01     9.91747e-05
    9.24407e+01     9.71007e-05
    9.31702e+01     9.50733e-05
    9.39054e+01     9.30932e-05
    9.46465e+01     9.11563e-05
    9.53933e+01     8.92632e-05
    9.61461e+01     8.74126e-05
    9.69048e+01     8.56001e-05
    9.76695e+01     8.38269e-05
    9.84402e+01     8.20887e-05
    9.92171e+01     8.03866e-05
    1.00000e+02     7.87154e-05
