    1.50000e-05     6.73773e+01
    1.51184e-05     6.78922e+01
    1.52377e-05     6.84108e+01
    1.53579e-05     6.89333e+01
    1.54791e-05     6.94599e+01
    1.56013e-05     6.99908e+01
    1.57244e-05     7.05254e+01
    1.58485e-05     7.10643e+01
    1.59735e-05     7.16069e+01
    1.60996e-05     7.21542e+01
    1.62266e-05     7.27052e+01
    1.63547e-05     7.32609e+01
    1.64837e-05     7.38203e+01
    1.66138e-05     7.43844e+01
    1.67449e-05     7.49526e+01
    1.68770e-05     7.55251e+01
    1.70102e-05     7.61022e+01
    1.71444e-05     7.66834e+01
    1.72797e-05     7.72693e+01
    1.74161e-05     7.78596e+01
    1.75535e-05     7.84543e+01
    1.76920e-05     7.90536e+01
    1.78317e-05     7.96577e+01
    1.79724e-05     8.02662e+01
    1.81142e-05     8.08792e+01
    1.82571e-05     8.14969e+01
    1.84012e-05     8.21194e+01
    1.85464e-05     8.27468e+01
    1.86928e-05     8.33790e+01
    1.88403e-05     8.40159e+01
    1.89890e-05     8.46579e+01
    1.91388e-05     8.53044e+01
    1.92898e-05     8.59558e+01
    1.94421e-05     8.66128e+01
    1.95955e-05     8.72744e+01
    1.97501e-05     8.79411e+01
    1.99060e-05     8.86131e+01
    2.00630e-05     8.92897e+01
    2.02214e-05     8.99724e+01
    2.03809e-05     9.06594e+01
    2.05418e-05     9.13523e+01
    2.07039e-05     9.20502e+01
    2.08672e-05     9.27531e+01
    2.10319e-05     9.34619e+01
    2.11979e-05     9.41760e+01
    2.13652e-05     9.48956e+01
    2.15338e-05     9.56206e+01
    2.17037e-05     9.63509e+01
    2.18749e-05     9.70867e+01
    2.20476e-05     9.78288e+01
    2.22215e-05     9.85758e+01
    2.23969e-05     9.93291e+01
    2.25736e-05     1.00088e+02
    2.27518e-05     1.00853e+02
    2.29313e-05     1.01623e+02
    2.31123e-05     1.02400e+02
    2.32947e-05     1.03182e+02
    2.34785e-05     1.03970e+02
    2.36638e-05     1.04764e+02
    2.38505e-05     1.05565e+02
    2.40387e-05     1.06371e+02
    2.42284e-05     1.07184e+02
    2.44196e-05     1.08003e+02
    2.46123e-05     1.08828e+02
    2.48065e-05     1.09659e+02
    2.50023e-05     1.10497e+02
    2.51996e-05     1.11341e+02
    2.53984e-05     1.12192e+02
    2.55988e-05     1.13049e+02
    2.58008e-05     1.13912e+02
    2.60044e-05     1.14782e+02
    2.62096e-05     1.15659e+02
    2.64165e-05     1.16543e+02
    2.66249e-05     1.17433e+02
    2.68350e-05     1.18330e+02
    2.70468e-05     1.19234e+02
    2.72602e-05     1.20144e+02
    2.74753e-05     1.21062e+02
    2.76922e-05     1.21987e+02
    2.79107e-05     1.22919e+02
    2.81309e-05     1.23858e+02
    2.83529e-05     1.24804e+02
    2.85767e-05     1.25758e+02
    2.88022e-05     1.26719e+02
    2.90294e-05     1.27686e+02
    2.92585e-05     1.28662e+02
    2.94894e-05     1.29645e+02
    2.97221e-05     1.30635e+02
    2.99567e-05     1.31634e+02
    3.01931e-05     1.32639e+02
    3.04313e-05     1.33652e+02
    3.06715e-05     1.34674e+02
    3.09135e-05     1.35702e+02
    3.11574e-05     1.36739e+02
    3.14033e-05     1.37784e+02
    3.16511e-05     1.38836e+02
    3.19009e-05     1.39897e+02
    3.21526e-05     1.40965e+02
    3.24063e-05     1.42042e+02
    3.26621e-05     1.43127e+02
    3.29198e-05     1.44220e+02
    3.31796e-05     1.45322e+02
    3.34414e-05     1.46432e+02
    3.37053e-05     1.47551e+02
    3.39713e-05     1.48678e+02
    3.42394e-05     1.49814e+02
    3.45096e-05     1.50958e+02
    3.47819e-05     1.52111e+02
    3.50563e-05     1.53273e+02
    3.53330e-05     1.54444e+02
    3.56118e-05     1.55624e+02
    3.58928e-05     1.56813e+02
    3.61761e-05     1.58011e+02
    3.64615e-05     1.59218e+02
    3.67493e-05     1.60435e+02
    3.70393e-05     1.61660e+02
    3.73315e-05     1.62895e+02
    3.76261e-05     1.64140e+02
    3.79231e-05     1.65394e+02
    3.82223e-05     1.66657e+02
    3.85239e-05     1.67930e+02
    3.88279e-05     1.69213e+02
    3.91343e-05     1.70506e+02
    3.94431e-05     1.71808e+02
    3.97544e-05     1.73121e+02
    4.00681e-05     1.74443e+02
    4.03843e-05     1.75776e+02
    4.07030e-05     1.77118e+02
    4.10242e-05     1.78471e+02
    4.13479e-05     1.79834e+02
    4.16742e-05     1.81208e+02
    4.20031e-05     1.82592e+02
    4.23345e-05     1.83987e+02
    4.26686e-05     1.85393e+02
    4.30053e-05     1.86809e+02
    4.33447e-05     1.88236e+02
    4.36867e-05     1.89673e+02
    4.40314e-05     1.91122e+02
    4.43789e-05     1.92583e+02
    4.47291e-05     1.94053e+02
    4.50821e-05     1.95536e+02
    4.54378e-05     1.97029e+02
    4.57964e-05     1.98535e+02
    4.61578e-05     2.00051e+02
    4.65220e-05     2.01579e+02
    4.68891e-05     2.03119e+02
    4.72591e-05     2.04671e+02
    4.76321e-05     2.06234e+02
    4.80079e-05     2.07810e+02
    4.83868e-05     2.09397e+02
    4.87686e-05     2.10997e+02
    4.91535e-05     2.12608e+02
    4.95413e-05     2.14232e+02
    4.99323e-05     2.15869e+02
    5.03263e-05     2.17518e+02
    5.07234e-05     2.19179e+02
    5.11237e-05     2.20854e+02
    5.15271e-05     2.22541e+02
    5.19338e-05     2.24241e+02
    5.23436e-05     2.25954e+02
    5.27566e-05     2.27680e+02
    5.31729e-05     2.29419e+02
    5.35925e-05     2.31171e+02
    5.40155e-05     2.32938e+02
    5.44417e-05     2.34717e+02
    5.48713e-05     2.36510e+02
    5.53043e-05     2.38317e+02
    5.57407e-05     2.40137e+02
    5.61806e-05     2.41971e+02
    5.66239e-05     2.43819e+02
    5.70708e-05     2.45682e+02
    5.75211e-05     2.47558e+02
    5.79750e-05     2.49449e+02
    5.84325e-05     2.51354e+02
    5.88936e-05     2.53274e+02
    5.93584e-05     2.55209e+02
    5.98268e-05     2.57158e+02
    6.02989e-05     2.59123e+02
    6.07747e-05     2.61101e+02
    6.12543e-05     2.63096e+02
    6.17377e-05     2.65105e+02
    6.22249e-05     2.67130e+02
    6.27159e-05     2.69170e+02
    6.32108e-05     2.71227e+02
    6.37096e-05     2.73298e+02
    6.42124e-05     2.75386e+02
    6.47191e-05     2.77489e+02
    6.52298e-05     2.79608e+02
    6.57445e-05     2.81744e+02
    6.62633e-05     2.83896e+02
    6.67862e-05     2.86064e+02
    6.73132e-05     2.88249e+02
    6.78444e-05     2.90451e+02
    6.83798e-05     2.92670e+02
    6.89194e-05     2.94905e+02
    6.94633e-05     2.97157e+02
    7.00114e-05     2.99427e+02
    7.05639e-05     3.01714e+02
    7.11207e-05     3.04019e+02
    7.16820e-05     3.06341e+02
    7.22476e-05     3.08680e+02
    7.28177e-05     3.11039e+02
    7.33924e-05     3.13414e+02
    7.39715e-05     3.15808e+02
    7.45552e-05     3.18220e+02
    7.51436e-05     3.20651e+02
    7.57365e-05     3.23099e+02
    7.63342e-05     3.25567e+02
    7.69366e-05     3.28054e+02
    7.75437e-05     3.30559e+02
    7.81556e-05     3.33084e+02
    7.87723e-05     3.35628e+02
    7.93940e-05     3.38192e+02
    8.00205e-05     3.40774e+02
    8.06519e-05     3.43376e+02
    8.12884e-05     3.45999e+02
    8.19298e-05     3.48641e+02
    8.25764e-05     3.51304e+02
    8.32280e-05     3.53987e+02
    8.38848e-05     3.56691e+02
    8.45467e-05     3.59414e+02
    8.52139e-05     3.62158e+02
    8.58863e-05     3.64924e+02
    8.65641e-05     3.67711e+02
    8.72472e-05     3.70519e+02
    8.79357e-05     3.73348e+02
    8.86296e-05     3.76199e+02
    8.93290e-05     3.79072e+02
    9.00339e-05     3.81967e+02
    9.07444e-05     3.84883e+02
    9.14605e-05     3.87823e+02
    9.21822e-05     3.90784e+02
    9.29096e-05     3.93769e+02
    9.36428e-05     3.96776e+02
    9.43817e-05     3.99806e+02
    9.51265e-05     4.02859e+02
    9.58772e-05     4.05936e+02
    9.66338e-05     4.09035e+02
    9.73963e-05     4.12159e+02
    9.81649e-05     4.15306e+02
    9.89396e-05     4.18478e+02
    9.97203e-05     4.21673e+02
    1.00507e-04     4.24892e+02
    1.01300e-04     4.28136e+02
    1.02100e-04     4.31408e+02
    1.02905e-04     4.34699e+02
    1.03717e-04     4.38018e+02
    1.04536e-04     4.41365e+02
    1.05361e-04     4.44735e+02
    1.06192e-04     4.48128e+02
    1.07030e-04     4.51550e+02
    1.07875e-04     4.54999e+02
    1.08726e-04     4.58472e+02
    1.09584e-04     4.61972e+02
    1.10449e-04     4.65500e+02
    1.11320e-04     4.69051e+02
    1.12199e-04     4.72634e+02
    1.13084e-04     4.76241e+02
    1.13977e-04     4.79880e+02
    1.14876e-04     4.83542e+02
    1.15783e-04     4.87236e+02
    1.16696e-04     4.90954e+02
    1.17617e-04     4.94702e+02
    1.18545e-04     4.98479e+02
    1.19481e-04     5.02287e+02
    1.20424e-04     5.06122e+02
    1.21374e-04     5.09985e+02
    1.22332e-04     5.13879e+02
    1.23297e-04     5.17801e+02
    1.24270e-04     5.21754e+02
    1.25251e-04     5.25739e+02
    1.26239e-04     5.29751e+02
    1.27235e-04     5.33794e+02
    1.28239e-04     5.37869e+02
    1.29251e-04     5.41975e+02
    1.30271e-04     5.46113e+02
    1.31299e-04     5.50280e+02
    1.32335e-04     5.54480e+02
    1.33379e-04     5.58712e+02
    1.34432e-04     5.62978e+02
    1.35493e-04     5.67276e+02
    1.36562e-04     5.71604e+02
    1.37640e-04     5.75968e+02
    1.38726e-04     5.80364e+02
    1.39821e-04     5.84794e+02
    1.40924e-04     5.89256e+02
    1.42036e-04     5.93753e+02
    1.43157e-04     5.98284e+02
    1.44286e-04     6.02848e+02
    1.45425e-04     6.07450e+02
    1.46573e-04     6.12087e+02
    1.47729e-04     6.16756e+02
    1.48895e-04     6.21463e+02
    1.50070e-04     6.26205e+02
    1.51254e-04     6.30983e+02
    1.52448e-04     6.35801e+02
    1.53651e-04     6.40653e+02
    1.54863e-04     6.45540e+02
    1.56085e-04     6.50466e+02
    1.57317e-04     6.55431e+02
    1.58559e-04     6.60434e+02
    1.59810e-04     6.65474e+02
    1.61071e-04     6.70552e+02
    1.62342e-04     6.75668e+02
    1.63623e-04     6.80824e+02
    1.64914e-04     6.86017e+02
    1.66216e-04     6.91254e+02
    1.67527e-04     6.96525e+02
    1.68849e-04     7.01840e+02
    1.70182e-04     7.07195e+02
    1.71525e-04     7.12590e+02
    1.72878e-04     7.18024e+02
    1.74242e-04     7.23500e+02
    1.75617e-04     7.29019e+02
    1.77003e-04     7.34580e+02
    1.78400e-04     7.40182e+02
    1.79808e-04     7.45829e+02
    1.81227e-04     7.51518e+02
    1.82657e-04     7.57249e+02
    1.84098e-04     7.63023e+02
    1.85551e-04     7.68842e+02
    1.87015e-04     7.74706e+02
    1.88491e-04     7.80614e+02
    1.89978e-04     7.86567e+02
    1.91477e-04     7.92564e+02
    1.92988e-04     7.98608e+02
    1.94511e-04     8.04700e+02
    1.96046e-04     8.10836e+02
    1.97593e-04     8.17019e+02
    1.99153e-04     8.23252e+02
    2.00724e-04     8.29528e+02
    2.02308e-04     8.35854e+02
    2.03904e-04     8.42224e+02
    2.05514e-04     8.48650e+02
    2.07135e-04     8.55117e+02
    2.08770e-04     8.61637e+02
    2.10417e-04     8.68204e+02
    2.12078e-04     8.74825e+02
    2.13751e-04     8.81492e+02
    2.15438e-04     8.88212e+02
    2.17138e-04     8.94983e+02
    2.18852e-04     9.01806e+02
    2.20579e-04     9.08679e+02
    2.22319e-04     9.15602e+02
    2.24074e-04     9.22583e+02
    2.25842e-04     9.29613e+02
    2.27624e-04     9.36698e+02
    2.29420e-04     9.43834e+02
    2.31231e-04     9.51030e+02
    2.33055e-04     9.58273e+02
    2.34894e-04     9.65574e+02
    2.36748e-04     9.72933e+02
    2.38616e-04     9.80345e+02
    2.40499e-04     9.87815e+02
    2.42397e-04     9.95343e+02
    2.44310e-04     1.00293e+03
    2.46238e-04     1.01057e+03
    2.48181e-04     1.01826e+03
    2.50139e-04     1.02602e+03
    2.52113e-04     1.03383e+03
    2.54103e-04     1.04171e+03
    2.56108e-04     1.04964e+03
    2.58129e-04     1.05764e+03
    2.60166e-04     1.06569e+03
    2.62219e-04     1.07380e+03
    2.64288e-04     1.08198e+03
    2.66374e-04     1.09022e+03
    2.68476e-04     1.09852e+03
    2.70594e-04     1.10688e+03
    2.72730e-04     1.11531e+03
    2.74882e-04     1.12380e+03
    2.77051e-04     1.13235e+03
    2.79237e-04     1.14097e+03
    2.81441e-04     1.14966e+03
    2.83662e-04     1.15840e+03
    2.85900e-04     1.16722e+03
    2.88156e-04     1.17610e+03
    2.90430e-04     1.18505e+03
    2.92722e-04     1.19406e+03
    2.95032e-04     1.20315e+03
    2.97360e-04     1.21230e+03
    2.99707e-04     1.22152e+03
    3.02072e-04     1.23082e+03
    3.04455e-04     1.24017e+03
    3.06858e-04     1.24961e+03
    3.09279e-04     1.25911e+03
    3.11720e-04     1.26869e+03
    3.14180e-04     1.27834e+03
    3.16659e-04     1.28806e+03
    3.19158e-04     1.29785e+03
    3.21676e-04     1.30772e+03
    3.24215e-04     1.31766e+03
    3.26773e-04     1.32767e+03
    3.29352e-04     1.33777e+03
    3.31951e-04     1.34794e+03
    3.34570e-04     1.35818e+03
    3.37211e-04     1.36851e+03
    3.39872e-04     1.37891e+03
    3.42554e-04     1.38938e+03
    3.45257e-04     1.39994e+03
    3.47981e-04     1.41057e+03
    3.50727e-04     1.42129e+03
    3.53495e-04     1.43209e+03
    3.56284e-04     1.44296e+03
    3.59096e-04     1.45392e+03
    3.61930e-04     1.46496e+03
    3.64786e-04     1.47609e+03
    3.67664e-04     1.48729e+03
    3.70566e-04     1.49859e+03
    3.73490e-04     1.50996e+03
    3.76437e-04     1.52142e+03
    3.79408e-04     1.53297e+03
    3.82402e-04     1.54460e+03
    3.85419e-04     1.55631e+03
    3.88461e-04     1.56812e+03
    3.91526e-04     1.58002e+03
    3.94616e-04     1.59200e+03
    3.97730e-04     1.60408e+03
    4.00868e-04     1.61624e+03
    4.04032e-04     1.62850e+03
    4.07220e-04     1.64084e+03
    4.10433e-04     1.65329e+03
    4.13672e-04     1.66582e+03
    4.16937e-04     1.67845e+03
    4.20227e-04     1.69117e+03
    4.23543e-04     1.70398e+03
    4.26885e-04     1.71690e+03
    4.30254e-04     1.72991e+03
    4.33649e-04     1.74301e+03
    4.37071e-04     1.75622e+03
    4.40520e-04     1.76952e+03
    4.43996e-04     1.78291e+03
    4.47500e-04     1.79642e+03
    4.51031e-04     1.81002e+03
    4.54590e-04     1.82372e+03
    4.58178e-04     1.83752e+03
    4.61793e-04     1.85143e+03
    4.65437e-04     1.86543e+03
    4.69110e-04     1.87955e+03
    4.72812e-04     1.89377e+03
    4.76543e-04     1.90809e+03
    4.80304e-04     1.92252e+03
    4.84094e-04     1.93706e+03
    4.87914e-04     1.95170e+03
    4.91764e-04     1.96645e+03
    4.95645e-04     1.98131e+03
    4.99556e-04     1.99629e+03
    5.03498e-04     2.01137e+03
    5.07471e-04     2.02656e+03
    5.11476e-04     2.04187e+03
    5.15512e-04     2.05729e+03
    5.19580e-04     2.07282e+03
    5.23680e-04     2.08847e+03
    5.27813e-04     2.10424e+03
    5.31978e-04     2.12012e+03
    5.36176e-04     2.13612e+03
    5.40407e-04     2.15223e+03
    5.44671e-04     2.16846e+03
    5.48969e-04     2.18482e+03
    5.53301e-04     2.20129e+03
    5.57668e-04     2.21789e+03
    5.62068e-04     2.23460e+03
    5.66504e-04     2.25144e+03
    5.70974e-04     2.26841e+03
    5.75480e-04     2.28549e+03
    5.80021e-04     2.30270e+03
    5.84598e-04     2.32004e+03
    5.89211e-04     2.33750e+03
    5.93861e-04     2.35510e+03
    5.98547e-04     2.37282e+03
    6.03270e-04     2.39067e+03
    6.08031e-04     2.40866e+03
    6.12829e-04     2.42677e+03
    6.17665e-04     2.44502e+03
    6.22539e-04     2.46340e+03
    6.27452e-04     2.48191e+03
    6.32403e-04     2.50056e+03
    6.37394e-04     2.51935e+03
    6.42423e-04     2.53827e+03
    6.47493e-04     2.55733e+03
    6.52602e-04     2.57653e+03
    6.57752e-04     2.59587e+03
    6.62943e-04     2.61535e+03
    6.68174e-04     2.63497e+03
    6.73447e-04     2.65473e+03
    6.78761e-04     2.67464e+03
    6.84117e-04     2.69469e+03
    6.89516e-04     2.71489e+03
    6.94957e-04     2.73523e+03
    7.00441e-04     2.75572e+03
    7.05968e-04     2.77636e+03
    7.11539e-04     2.79715e+03
    7.17154e-04     2.81809e+03
    7.22813e-04     2.83917e+03
    7.28517e-04     2.86041e+03
    7.34266e-04     2.88181e+03
    7.40060e-04     2.90335e+03
    7.45900e-04     2.92505e+03
    7.51787e-04     2.94691e+03
    7.57719e-04     2.96892e+03
    7.63698e-04     2.99109e+03
    7.69725e-04     3.01343e+03
    7.75799e-04     3.03592e+03
    7.81921e-04     3.05857e+03
    7.88091e-04     3.08138e+03
    7.94310e-04     3.10436e+03
    8.00578e-04     3.12750e+03
    8.06896e-04     3.15081e+03
    8.13263e-04     3.17428e+03
    8.19681e-04     3.19792e+03
    8.26149e-04     3.22173e+03
    8.32668e-04     3.24570e+03
    8.39239e-04     3.26985e+03
    8.45862e-04     3.29418e+03
    8.52537e-04     3.31867e+03
    8.59264e-04     3.34333e+03
    8.66045e-04     3.36818e+03
    8.72879e-04     3.39319e+03
    8.79767e-04     3.41838e+03
    8.86710e-04     3.44376e+03
    8.93707e-04     3.46931e+03
    9.00759e-04     3.49504e+03
    9.07867e-04     3.52095e+03
    9.15032e-04     3.54704e+03
    9.22252e-04     3.57332e+03
    9.29530e-04     3.59978e+03
    9.36865e-04     3.62643e+03
    9.44258e-04     3.65326e+03
    9.51709e-04     3.68028e+03
    9.59220e-04     3.70749e+03
    9.66789e-04     3.73489e+03
    9.74418e-04     3.76248e+03
    9.82107e-04     3.79026e+03
    9.89858e-04     3.81824e+03
    9.97669e-04     3.84641e+03
    1.00554e-03     3.87477e+03
    1.01348e-03     3.90335e+03
    1.02147e-03     3.93208e+03
    1.02953e-03     3.96104e+03
    1.03766e-03     3.99021e+03
    1.04585e-03     4.01958e+03
    1.05410e-03     4.04913e+03
    1.06242e-03     4.07890e+03
    1.07080e-03     4.10886e+03
    1.07925e-03     4.13904e+03
    1.08777e-03     4.16943e+03
    1.09635e-03     4.20001e+03
    1.10500e-03     4.23081e+03
    1.11372e-03     4.26182e+03
    1.12251e-03     4.29305e+03
    1.13137e-03     4.32450e+03
    1.14030e-03     4.35615e+03
    1.14930e-03     4.38802e+03
    1.15837e-03     4.42010e+03
    1.16751e-03     4.45241e+03
    1.17672e-03     4.48491e+03
    1.18601e-03     4.51766e+03
    1.19537e-03     4.55063e+03
    1.20480e-03     4.58379e+03
    1.21431e-03     4.61721e+03
    1.22389e-03     4.65083e+03
    1.23355e-03     4.68469e+03
    1.24328e-03     4.71875e+03
    1.25309e-03     4.75306e+03
    1.26298e-03     4.78760e+03
    1.27295e-03     4.82238e+03
    1.28299e-03     4.85737e+03
    1.29312e-03     4.89261e+03
    1.30332e-03     4.92806e+03
    1.31360e-03     4.96375e+03
    1.32397e-03     4.99969e+03
    1.33442e-03     5.03587e+03
    1.34495e-03     5.07228e+03
    1.35556e-03     5.10891e+03
    1.36626e-03     5.14581e+03
    1.37704e-03     5.18293e+03
    1.38791e-03     5.22031e+03
    1.39886e-03     5.25791e+03
    1.40990e-03     5.29578e+03
    1.42102e-03     5.33386e+03
    1.43224e-03     5.37224e+03
    1.44354e-03     5.41083e+03
    1.45493e-03     5.44967e+03
    1.46641e-03     5.48876e+03
    1.47798e-03     5.52811e+03
    1.48965e-03     5.56775e+03
    1.50140e-03     5.60758e+03
    1.51325e-03     5.64770e+03
    1.52519e-03     5.68806e+03
    1.53723e-03     5.72870e+03
    1.54936e-03     5.76959e+03
    1.56158e-03     5.81071e+03
    1.57391e-03     5.85214e+03
    1.58633e-03     5.89381e+03
    1.59884e-03     5.93570e+03
    1.61146e-03     5.97791e+03
    1.62418e-03     6.02038e+03
    1.63699e-03     6.06308e+03
    1.64991e-03     6.10607e+03
    1.66293e-03     6.14934e+03
    1.67605e-03     6.19285e+03
    1.68928e-03     6.23666e+03
    1.70261e-03     6.28072e+03
    1.71605e-03     6.32507e+03
    1.72959e-03     6.36967e+03
    1.74324e-03     6.41456e+03
    1.75699e-03     6.45969e+03
    1.77086e-03     6.50514e+03
    1.78483e-03     6.55083e+03
    1.79892e-03     6.59684e+03
    1.81311e-03     6.64308e+03
    1.82742e-03     6.68962e+03
    1.84184e-03     6.73645e+03
    1.85637e-03     6.78353e+03
    1.87102e-03     6.83092e+03
    1.88579e-03     6.87860e+03
    1.90067e-03     6.92654e+03
    1.91567e-03     6.97479e+03
    1.93078e-03     7.02328e+03
    1.94602e-03     7.07210e+03
    1.96138e-03     7.12120e+03
    1.97686e-03     7.17059e+03
    1.99246e-03     7.22025e+03
    2.00818e-03     7.27020e+03
    2.02402e-03     7.32042e+03
    2.04000e-03     7.37099e+03
    2.05609e-03     7.42179e+03
    2.07232e-03     7.47292e+03
    2.08867e-03     7.52431e+03
    2.10516e-03     7.57605e+03
    2.12177e-03     7.62804e+03
    2.13851e-03     7.68031e+03
    2.15539e-03     7.73292e+03
    2.17240e-03     7.78580e+03
    2.18954e-03     7.83898e+03
    2.20682e-03     7.89245e+03
    2.22423e-03     7.94621e+03
    2.24178e-03     8.00026e+03
    2.25947e-03     8.05463e+03
    2.27730e-03     8.10928e+03
    2.29527e-03     8.16423e+03
    2.31339e-03     8.21951e+03
    2.33164e-03     8.27505e+03
    2.35004e-03     8.33092e+03
    2.36859e-03     8.38710e+03
    2.38728e-03     8.44355e+03
    2.40612e-03     8.50031e+03
    2.42510e-03     8.55735e+03
    2.44424e-03     8.61473e+03
    2.46353e-03     8.67240e+03
    2.48297e-03     8.73037e+03
    2.50256e-03     8.78862e+03
    2.52231e-03     8.84721e+03
    2.54221e-03     8.90608e+03
    2.56227e-03     8.96526e+03
    2.58249e-03     9.02475e+03
    2.60287e-03     9.08455e+03
    2.62341e-03     9.14463e+03
    2.64411e-03     9.20503e+03
    2.66498e-03     9.26574e+03
    2.68601e-03     9.32676e+03
    2.70721e-03     9.38806e+03
    2.72857e-03     9.44967e+03
    2.75010e-03     9.51157e+03
    2.77180e-03     9.57378e+03
    2.79368e-03     9.63633e+03
    2.81572e-03     9.69912e+03
    2.83794e-03     9.76226e+03
    2.86034e-03     9.82569e+03
    2.88291e-03     9.88942e+03
    2.90566e-03     9.95344e+03
    2.92859e-03     1.00178e+04
    2.95170e-03     1.00824e+04
    2.97499e-03     1.01473e+04
    2.99846e-03     1.02125e+04
    3.02213e-03     1.02781e+04
    3.04597e-03     1.03439e+04
    3.07001e-03     1.04100e+04
    3.09424e-03     1.04765e+04
    3.11865e-03     1.05432e+04
    3.14326e-03     1.06102e+04
    3.16807e-03     1.06775e+04
    3.19307e-03     1.07451e+04
    3.21827e-03     1.08130e+04
    3.24366e-03     1.08812e+04
    3.26926e-03     1.09497e+04
    3.29506e-03     1.10184e+04
    3.32106e-03     1.10875e+04
    3.34727e-03     1.11569e+04
    3.37368e-03     1.12265e+04
    3.40030e-03     1.12964e+04
    3.42713e-03     1.13666e+04
    3.45418e-03     1.14371e+04
    3.48144e-03     1.15079e+04
    3.50891e-03     1.15789e+04
    3.53660e-03     1.16502e+04
    3.56451e-03     1.17219e+04
    3.59264e-03     1.17938e+04
    3.62099e-03     1.18659e+04
    3.64956e-03     1.19383e+04
    3.67836e-03     1.20111e+04
    3.70739e-03     1.20841e+04
    3.73664e-03     1.21573e+04
    3.76613e-03     1.22309e+04
    3.79585e-03     1.23047e+04
    3.82580e-03     1.23787e+04
    3.85599e-03     1.24530e+04
    3.88642e-03     1.25277e+04
    3.91709e-03     1.26025e+04
    3.94800e-03     1.26776e+04
    3.97915e-03     1.27529e+04
    4.01055e-03     1.28285e+04
    4.04220e-03     1.29044e+04
    4.07410e-03     1.29805e+04
    4.10625e-03     1.30569e+04
    4.13865e-03     1.31335e+04
    4.17131e-03     1.32103e+04
    4.20423e-03     1.32874e+04
    4.23741e-03     1.33647e+04
    4.27084e-03     1.34421e+04
    4.30455e-03     1.35199e+04
    4.33851e-03     1.35979e+04
    4.37275e-03     1.36761e+04
    4.40726e-03     1.37546e+04
    4.44203e-03     1.38332e+04
    4.47709e-03     1.39121e+04
    4.51242e-03     1.39911e+04
    4.54803e-03     1.40704e+04
    4.58392e-03     1.41499e+04
    4.62009e-03     1.42296e+04
    4.65655e-03     1.43095e+04
    4.69329e-03     1.43896e+04
    4.73033e-03     1.44699e+04
    4.76766e-03     1.45503e+04
    4.80528e-03     1.46310e+04
    4.84320e-03     1.47118e+04
    4.88142e-03     1.47928e+04
    4.91994e-03     1.48739e+04
    4.95876e-03     1.49553e+04
    4.99789e-03     1.50368e+04
    5.03733e-03     1.51184e+04
    5.07708e-03     1.52003e+04
    5.11715e-03     1.52822e+04
    5.15753e-03     1.53643e+04
    5.19823e-03     1.54466e+04
    5.23925e-03     1.55290e+04
    5.28059e-03     1.56116e+04
    5.32226e-03     1.56943e+04
    5.36426e-03     1.57771e+04
    5.40659e-03     1.58600e+04
    5.44926e-03     1.59431e+04
    5.49226e-03     1.60263e+04
    5.53560e-03     1.61096e+04
    5.57928e-03     1.61930e+04
    5.62331e-03     1.62765e+04
    5.66768e-03     1.63600e+04
    5.71241e-03     1.64437e+04
    5.75748e-03     1.65274e+04
    5.80292e-03     1.66112e+04
    5.84871e-03     1.66951e+04
    5.89486e-03     1.67790e+04
    5.94138e-03     1.68630e+04
    5.98827e-03     1.69470e+04
    6.03552e-03     1.70310e+04
    6.08315e-03     1.71151e+04
    6.13115e-03     1.71991e+04
    6.17953e-03     1.72832e+04
    6.22830e-03     1.73673e+04
    6.27745e-03     1.74514e+04
    6.32698e-03     1.75355e+04
    6.37691e-03     1.76196e+04
    6.42723e-03     1.77037e+04
    6.47795e-03     1.77878e+04
    6.52907e-03     1.78718e+04
    6.58059e-03     1.79558e+04
    6.63252e-03     1.80398e+04
    6.68486e-03     1.81237e+04
    6.73761e-03     1.82076e+04
    6.79078e-03     1.82914e+04
    6.84437e-03     1.83752e+04
    6.89838e-03     1.84588e+04
    6.95281e-03     1.85424e+04
    7.00768e-03     1.86259e+04
    7.06298e-03     1.87092e+04
    7.11872e-03     1.87925e+04
    7.17489e-03     1.88756e+04
    7.23151e-03     1.89586e+04
    7.28857e-03     1.90414e+04
    7.34609e-03     1.91241e+04
    7.40406e-03     1.92066e+04
    7.46249e-03     1.92889e+04
    7.52138e-03     1.93710e+04
    7.58073e-03     1.94530e+04
    7.64055e-03     1.95347e+04
    7.70084e-03     1.96162e+04
    7.76161e-03     1.96976e+04
    7.82286e-03     1.97786e+04
    7.88459e-03     1.98595e+04
    7.94681e-03     1.99402e+04
    8.00952e-03     2.00205e+04
    8.07273e-03     2.01007e+04
    8.13643e-03     2.01806e+04
    8.20064e-03     2.02601e+04
    8.26535e-03     2.03395e+04
    8.33057e-03     2.04185e+04
    8.39631e-03     2.04972e+04
    8.46257e-03     2.05756e+04
    8.52935e-03     2.06536e+04
    8.59666e-03     2.07313e+04
    8.66449e-03     2.08087e+04
    8.73287e-03     2.08857e+04
    8.80178e-03     2.09623e+04
    8.87124e-03     2.10385e+04
    8.94124e-03     2.11143e+04
    9.01180e-03     2.11897e+04
    9.08291e-03     2.12646e+04
    9.15459e-03     2.13391e+04
    9.22683e-03     2.14131e+04
    9.29964e-03     2.14867e+04
    9.37303e-03     2.15598e+04
    9.44699e-03     2.16324e+04
    9.52154e-03     2.17045e+04
    9.59667e-03     2.17761e+04
    9.67240e-03     2.18471e+04
    9.74873e-03     2.19176e+04
    9.82566e-03     2.19876e+04
    9.90320e-03     2.20570e+04
    9.98135e-03     2.21258e+04
    1.00601e-02     2.21940e+04
    1.01395e-02     2.22616e+04
    1.02195e-02     2.23286e+04
    1.03002e-02     2.23950e+04
    1.03814e-02     2.24606e+04
    1.04634e-02     2.25258e+04
    1.05459e-02     2.25899e+04
    1.06291e-02     2.26535e+04
    1.07130e-02     2.27165e+04
    1.07976e-02     2.27789e+04
    1.08828e-02     2.28403e+04
    1.09686e-02     2.29009e+04
    1.10552e-02     2.29609e+04
    1.11424e-02     2.30200e+04
    1.12304e-02     2.30785e+04
    1.13190e-02     2.31360e+04
    1.14083e-02     2.31927e+04
    1.14983e-02     2.32484e+04
    1.15891e-02     2.33036e+04
    1.16805e-02     2.33577e+04
    1.17727e-02     2.34110e+04
    1.18656e-02     2.34633e+04
    1.19592e-02     2.35147e+04
    1.20536e-02     2.35653e+04
    1.21487e-02     2.36147e+04
    1.22446e-02     2.36634e+04
    1.23412e-02     2.37110e+04
    1.24386e-02     2.37577e+04
    1.25368e-02     2.38033e+04
    1.26357e-02     2.38478e+04
    1.27354e-02     2.38914e+04
    1.28359e-02     2.39338e+04
    1.29372e-02     2.39752e+04
    1.30393e-02     2.40155e+04
    1.31422e-02     2.40547e+04
    1.32459e-02     2.40927e+04
    1.33504e-02     2.41296e+04
    1.34558e-02     2.41655e+04
    1.35619e-02     2.41999e+04
    1.36690e-02     2.42334e+04
    1.37768e-02     2.42654e+04
    1.38855e-02     2.42963e+04
    1.39951e-02     2.43260e+04
    1.41056e-02     2.43546e+04
    1.42169e-02     2.43817e+04
    1.43291e-02     2.44075e+04
    1.44421e-02     2.44320e+04
    1.45561e-02     2.44552e+04
    1.46710e-02     2.44771e+04
    1.47867e-02     2.44975e+04
    1.49034e-02     2.45167e+04
    1.50210e-02     2.45344e+04
    1.51396e-02     2.45508e+04
    1.52590e-02     2.45657e+04
    1.53794e-02     2.45791e+04
    1.55008e-02     2.45912e+04
    1.56231e-02     2.46017e+04
    1.57464e-02     2.46108e+04
    1.58707e-02     2.46184e+04
    1.59959e-02     2.46245e+04
    1.61221e-02     2.46289e+04
    1.62494e-02     2.46320e+04
    1.63776e-02     2.46335e+04
    1.65068e-02     2.46333e+04
    1.66371e-02     2.46316e+04
    1.67684e-02     2.46284e+04
    1.69007e-02     2.46234e+04
    1.70341e-02     2.46169e+04
    1.71685e-02     2.46088e+04
    1.73040e-02     2.45990e+04
    1.74405e-02     2.45875e+04
    1.75781e-02     2.45743e+04
    1.77168e-02     2.45594e+04
    1.78567e-02     2.45430e+04
    1.79976e-02     2.45247e+04
    1.81396e-02     2.45048e+04
    1.82827e-02     2.44830e+04
    1.84270e-02     2.44597e+04
    1.85724e-02     2.44345e+04
    1.87190e-02     2.44076e+04
    1.88667e-02     2.43789e+04
    1.90156e-02     2.43485e+04
    1.91656e-02     2.43162e+04
    1.93169e-02     2.42823e+04
    1.94693e-02     2.42465e+04
    1.96229e-02     2.42089e+04
    1.97778e-02     2.41695e+04
    1.99339e-02     2.41284e+04
    2.00912e-02     2.40855e+04
    2.02497e-02     2.40406e+04
    2.04095e-02     2.39940e+04
    2.05705e-02     2.39455e+04
    2.07329e-02     2.38954e+04
    2.08965e-02     2.38433e+04
    2.10614e-02     2.37895e+04
    2.12276e-02     2.37339e+04
    2.13951e-02     2.36764e+04
    2.15639e-02     2.36171e+04
    2.17341e-02     2.35560e+04
    2.19056e-02     2.34931e+04
    2.20785e-02     2.34285e+04
    2.22527e-02     2.33620e+04
    2.24283e-02     2.32938e+04
    2.26053e-02     2.32238e+04
    2.27837e-02     2.31519e+04
    2.29635e-02     2.30785e+04
    2.31447e-02     2.30031e+04
    2.33273e-02     2.29260e+04
    2.35114e-02     2.28472e+04
    2.36969e-02     2.27666e+04
    2.38839e-02     2.26844e+04
    2.40724e-02     2.26005e+04
    2.42623e-02     2.25148e+04
    2.44538e-02     2.24276e+04
    2.46468e-02     2.23387e+04
    2.48413e-02     2.22481e+04
    2.50373e-02     2.21560e+04
    2.52349e-02     2.20623e+04
    2.54340e-02     2.19669e+04
    2.56347e-02     2.18700e+04
    2.58370e-02     2.17717e+04
    2.60409e-02     2.16718e+04
    2.62464e-02     2.15705e+04
    2.64535e-02     2.14678e+04
    2.66622e-02     2.13637e+04
    2.68726e-02     2.12582e+04
    2.70847e-02     2.11514e+04
    2.72984e-02     2.10432e+04
    2.75139e-02     2.09338e+04
    2.77310e-02     2.08230e+04
    2.79498e-02     2.07111e+04
    2.81704e-02     2.05980e+04
    2.83927e-02     2.04838e+04
    2.86167e-02     2.03684e+04
    2.88425e-02     2.02520e+04
    2.90701e-02     2.01346e+04
    2.92995e-02     2.00162e+04
    2.95307e-02     1.98968e+04
    2.97638e-02     1.97765e+04
    2.99986e-02     1.96553e+04
    3.02354e-02     1.95335e+04
    3.04740e-02     1.94107e+04
    3.07144e-02     1.92873e+04
    3.09568e-02     1.91632e+04
    3.12011e-02     1.90384e+04
    3.14473e-02     1.89130e+04
    3.16955e-02     1.87871e+04
    3.19456e-02     1.86607e+04
    3.21977e-02     1.85340e+04
    3.24518e-02     1.84068e+04
    3.27078e-02     1.82793e+04
    3.29659e-02     1.81514e+04
    3.32261e-02     1.80235e+04
    3.34883e-02     1.78953e+04
    3.37525e-02     1.77670e+04
    3.40189e-02     1.76386e+04
    3.42873e-02     1.75101e+04
    3.45579e-02     1.73819e+04
    3.48306e-02     1.72536e+04
    3.51055e-02     1.71255e+04
    3.53825e-02     1.69975e+04
    3.56617e-02     1.68699e+04
    3.59431e-02     1.67425e+04
    3.62268e-02     1.66156e+04
    3.65126e-02     1.64890e+04
    3.68008e-02     1.63630e+04
    3.70912e-02     1.62374e+04
    3.73839e-02     1.61124e+04
    3.76789e-02     1.59879e+04
    3.79762e-02     1.58643e+04
    3.82759e-02     1.57413e+04
    3.85779e-02     1.56190e+04
    3.88823e-02     1.54977e+04
    3.91892e-02     1.53773e+04
    3.94984e-02     1.52577e+04
    3.98101e-02     1.51392e+04
    4.01243e-02     1.50216e+04
    4.04409e-02     1.49051e+04
    4.07600e-02     1.47897e+04
    4.10817e-02     1.46755e+04
    4.14059e-02     1.45624e+04
    4.17326e-02     1.44506e+04
    4.20619e-02     1.43400e+04
    4.23938e-02     1.42306e+04
    4.27284e-02     1.41226e+04
    4.30656e-02     1.40160e+04
    4.34054e-02     1.39108e+04
    4.37479e-02     1.38069e+04
    4.40931e-02     1.37045e+04
    4.44411e-02     1.36037e+04
    4.47918e-02     1.35042e+04
    4.51452e-02     1.34062e+04
    4.55015e-02     1.33098e+04
    4.58606e-02     1.32149e+04
    4.62225e-02     1.31216e+04
    4.65872e-02     1.30297e+04
    4.69548e-02     1.29394e+04
    4.73254e-02     1.28507e+04
    4.76988e-02     1.27636e+04
    4.80752e-02     1.26779e+04
    4.84546e-02     1.25939e+04
    4.88370e-02     1.25114e+04
    4.92223e-02     1.24304e+04
    4.96108e-02     1.23510e+04
    5.00023e-02     1.22729e+04
    5.03968e-02     1.21965e+04
    5.07945e-02     1.21214e+04
    5.11954e-02     1.20478e+04
    5.15994e-02     1.19754e+04
    5.20065e-02     1.19045e+04
    5.24169e-02     1.18349e+04
    5.28306e-02     1.17665e+04
    5.32475e-02     1.16994e+04
    5.36676e-02     1.16335e+04
    5.40912e-02     1.15686e+04
    5.45180e-02     1.15049e+04
    5.49482e-02     1.14422e+04
    5.53818e-02     1.13804e+04
    5.58188e-02     1.13195e+04
    5.62593e-02     1.12594e+04
    5.67033e-02     1.12000e+04
    5.71507e-02     1.11413e+04
    5.76017e-02     1.10831e+04
    5.80563e-02     1.10256e+04
    5.85144e-02     1.09684e+04
    5.89762e-02     1.09117e+04
    5.94416e-02     1.08551e+04
    5.99106e-02     1.07988e+04
    6.03834e-02     1.07425e+04
    6.08599e-02     1.06862e+04
    6.13401e-02     1.06296e+04
    6.18242e-02     1.05730e+04
    6.23121e-02     1.05162e+04
    6.28038e-02     1.04588e+04
    6.32994e-02     1.04011e+04
    6.37989e-02     1.03428e+04
    6.43023e-02     1.02838e+04
    6.48098e-02     1.02241e+04
    6.53212e-02     1.01635e+04
    6.58367e-02     1.01019e+04
    6.63562e-02     1.00393e+04
    6.68798e-02     9.97559e+03
    6.74076e-02     9.91077e+03
    6.79395e-02     9.84470e+03
    6.84756e-02     9.77740e+03
    6.90160e-02     9.70858e+03
    6.95606e-02     9.63824e+03
    7.01095e-02     9.56647e+03
    7.06628e-02     9.49319e+03
    7.12204e-02     9.41831e+03
    7.17824e-02     9.34182e+03
    7.23489e-02     9.26365e+03
    7.29198e-02     9.18398e+03
    7.34952e-02     9.10253e+03
    7.40752e-02     9.01943e+03
    7.46597e-02     8.93466e+03
    7.52489e-02     8.84825e+03
    7.58427e-02     8.76030e+03
    7.64412e-02     8.67082e+03
    7.70444e-02     8.57972e+03
    7.76524e-02     8.48722e+03
    7.82651e-02     8.39332e+03
    7.88827e-02     8.29795e+03
    7.95052e-02     8.20150e+03
    8.01326e-02     8.10380e+03
    8.07650e-02     8.00506e+03
    8.14023e-02     7.90538e+03
    8.20447e-02     7.80478e+03
    8.26921e-02     7.70355e+03
    8.33446e-02     7.60172e+03
    8.40023e-02     7.49939e+03
    8.46652e-02     7.39686e+03
    8.53333e-02     7.29414e+03
    8.60067e-02     7.19142e+03
    8.66854e-02     7.08891e+03
    8.73694e-02     6.98670e+03
    8.80589e-02     6.88499e+03
    8.87538e-02     6.78387e+03
    8.94542e-02     6.68362e+03
    9.01601e-02     6.58443e+03
    9.08715e-02     6.48629e+03
    9.15886e-02     6.38948e+03
    9.23114e-02     6.29417e+03
    9.30398e-02     6.20036e+03
    9.37740e-02     6.10822e+03
    9.45140e-02     6.01793e+03
    9.52598e-02     5.92955e+03
    9.60116e-02     5.84326e+03
    9.67692e-02     5.75922e+03
    9.75328e-02     5.67758e+03
    9.83025e-02     5.59835e+03
    9.90782e-02     5.52150e+03
    9.98601e-02     5.44727e+03
    1.00648e-01     5.37548e+03
    1.01442e-01     5.30629e+03
    1.02243e-01     5.23980e+03
    1.03050e-01     5.17595e+03
    1.03863e-01     5.11472e+03
    1.04682e-01     5.05620e+03
    1.05508e-01     5.00032e+03
    1.06341e-01     4.94691e+03
    1.07180e-01     4.89600e+03
    1.08026e-01     4.84754e+03
    1.08878e-01     4.80130e+03
    1.09738e-01     4.75737e+03
    1.10604e-01     4.71558e+03
    1.11476e-01     4.67566e+03
    1.12356e-01     4.63771e+03
    1.13243e-01     4.60134e+03
    1.14136e-01     4.56651e+03
    1.15037e-01     4.53304e+03
    1.15945e-01     4.50066e+03
    1.16860e-01     4.46927e+03
    1.17782e-01     4.43862e+03
    1.18711e-01     4.40854e+03
    1.19648e-01     4.37882e+03
    1.20592e-01     4.34926e+03
    1.21544e-01     4.31964e+03
    1.22503e-01     4.28975e+03
    1.23470e-01     4.25929e+03
    1.24444e-01     4.22814e+03
    1.25426e-01     4.19623e+03
    1.26416e-01     4.16332e+03
    1.27413e-01     4.12924e+03
    1.28419e-01     4.09390e+03
    1.29432e-01     4.05703e+03
    1.30454e-01     4.01861e+03
    1.31483e-01     3.97855e+03
    1.32521e-01     3.93686e+03
    1.33566e-01     3.89347e+03
    1.34620e-01     3.84841e+03
    1.35683e-01     3.80163e+03
    1.36753e-01     3.75313e+03
    1.37833e-01     3.70308e+03
    1.38920e-01     3.65154e+03
    1.40017e-01     3.59870e+03
    1.41121e-01     3.54463e+03
    1.42235e-01     3.48953e+03
    1.43357e-01     3.43355e+03
    1.44489e-01     3.37693e+03
    1.45629e-01     3.31984e+03
    1.46778e-01     3.26255e+03
    1.47936e-01     3.20528e+03
    1.49104e-01     3.14829e+03
    1.50280e-01     3.09178e+03
    1.51466e-01     3.03598e+03
    1.52661e-01     2.98108e+03
    1.53866e-01     2.92735e+03
    1.55080e-01     2.87499e+03
    1.56304e-01     2.82419e+03
    1.57538e-01     2.77509e+03
    1.58781e-01     2.72779e+03
    1.60034e-01     2.68243e+03
    1.61297e-01     2.63914e+03
    1.62569e-01     2.59800e+03
    1.63852e-01     2.55905e+03
    1.65145e-01     2.52225e+03
    1.66448e-01     2.48758e+03
    1.67762e-01     2.45506e+03
    1.69086e-01     2.42461e+03
    1.70420e-01     2.39611e+03
    1.71765e-01     2.36944e+03
    1.73120e-01     2.34443e+03
    1.74486e-01     2.32093e+03
    1.75863e-01     2.29878e+03
    1.77251e-01     2.27776e+03
    1.78650e-01     2.25765e+03
    1.80060e-01     2.23821e+03
    1.81481e-01     2.21924e+03
    1.82913e-01     2.20048e+03
    1.84356e-01     2.18174e+03
    1.85811e-01     2.16279e+03
    1.87277e-01     2.14339e+03
    1.88755e-01     2.12336e+03
    1.90244e-01     2.10254e+03
    1.91746e-01     2.08085e+03
    1.93259e-01     2.05809e+03
    1.94784e-01     2.03419e+03
    1.96321e-01     2.00912e+03
    1.97870e-01     1.98290e+03
    1.99432e-01     1.95554e+03
    2.01005e-01     1.92707e+03
    2.02592e-01     1.89761e+03
    2.04190e-01     1.86727e+03
    2.05802e-01     1.83626e+03
    2.07426e-01     1.80469e+03
    2.09062e-01     1.77276e+03
    2.10712e-01     1.74071e+03
    2.12375e-01     1.70874e+03
    2.14051e-01     1.67707e+03
    2.15740e-01     1.64590e+03
    2.17442e-01     1.61539e+03
    2.19158e-01     1.58576e+03
    2.20888e-01     1.55719e+03
    2.22631e-01     1.52976e+03
    2.24388e-01     1.50358e+03
    2.26158e-01     1.47875e+03
    2.27943e-01     1.45531e+03
    2.29742e-01     1.43325e+03
    2.31555e-01     1.41253e+03
    2.33382e-01     1.39312e+03
    2.35224e-01     1.37493e+03
    2.37080e-01     1.35782e+03
    2.38951e-01     1.34166e+03
    2.40836e-01     1.32631e+03
    2.42737e-01     1.31161e+03
    2.44652e-01     1.29735e+03
    2.46583e-01     1.28335e+03
    2.48529e-01     1.26946e+03
    2.50490e-01     1.25549e+03
    2.52467e-01     1.24129e+03
    2.54459e-01     1.22672e+03
    2.56467e-01     1.21171e+03
    2.58491e-01     1.19614e+03
    2.60530e-01     1.17997e+03
    2.62586e-01     1.16322e+03
    2.64658e-01     1.14589e+03
    2.66747e-01     1.12804e+03
    2.68852e-01     1.10975e+03
    2.70973e-01     1.09113e+03
    2.73112e-01     1.07229e+03
    2.75267e-01     1.05338e+03
    2.77439e-01     1.03456e+03
    2.79628e-01     1.01595e+03
    2.81835e-01     9.97700e+02
    2.84059e-01     9.79939e+02
    2.86301e-01     9.62773e+02
    2.88560e-01     9.46275e+02
    2.90837e-01     9.30508e+02
    2.93132e-01     9.15512e+02
    2.95445e-01     9.01277e+02
    2.97777e-01     8.87788e+02
    3.00127e-01     8.74988e+02
    3.02495e-01     8.62806e+02
    3.04882e-01     8.51149e+02
    3.07288e-01     8.39911e+02
    3.09713e-01     8.28982e+02
    3.12157e-01     8.18248e+02
    3.14620e-01     8.07594e+02
    3.17103e-01     7.96919e+02
    3.19605e-01     7.86141e+02
    3.22127e-01     7.75195e+02
    3.24669e-01     7.64034e+02
    3.27231e-01     7.52648e+02
    3.29813e-01     7.41030e+02
    3.32416e-01     7.29215e+02
    3.35039e-01     7.17254e+02
    3.37683e-01     7.05209e+02
    3.40348e-01     6.93161e+02
    3.43034e-01     6.81189e+02
    3.45741e-01     6.69376e+02
    3.48469e-01     6.57803e+02
    3.51219e-01     6.46542e+02
    3.53990e-01     6.35625e+02
    3.56784e-01     6.25107e+02
    3.59599e-01     6.14985e+02
    3.62437e-01     6.05271e+02
    3.65297e-01     5.95936e+02
    3.68179e-01     5.86941e+02
    3.71085e-01     5.78244e+02
    3.74013e-01     5.69775e+02
    3.76965e-01     5.61479e+02
    3.79939e-01     5.53288e+02
    3.82937e-01     5.45148e+02
    3.85959e-01     5.37018e+02
    3.89005e-01     5.28856e+02
    3.92075e-01     5.20654e+02
    3.95169e-01     5.12404e+02
    3.98287e-01     5.04111e+02
    4.01430e-01     4.95803e+02
    4.04598e-01     4.87514e+02
    4.07791e-01     4.79283e+02
    4.11009e-01     4.71157e+02
    4.14252e-01     4.63174e+02
    4.17521e-01     4.55361e+02
    4.20816e-01     4.47754e+02
    4.24136e-01     4.40357e+02
    4.27483e-01     4.33184e+02
    4.30857e-01     4.26224e+02
    4.34257e-01     4.19459e+02
    4.37683e-01     4.12858e+02
    4.41137e-01     4.06398e+02
    4.44618e-01     4.00048e+02
    4.48127e-01     3.93780e+02
    4.51663e-01     3.87569e+02
    4.55227e-01     3.81387e+02
    4.58820e-01     3.75236e+02
    4.62440e-01     3.69110e+02
    4.66090e-01     3.63020e+02
    4.69768e-01     3.56970e+02
    4.73475e-01     3.50980e+02
    4.77211e-01     3.45064e+02
    4.80977e-01     3.39254e+02
    4.84772e-01     3.33549e+02
    4.88598e-01     3.27972e+02
    4.92453e-01     3.22522e+02
    4.96339e-01     3.17198e+02
    5.00256e-01     3.11990e+02
    5.04204e-01     3.06893e+02
    5.08182e-01     3.01892e+02
    5.12193e-01     2.96972e+02
    5.16234e-01     2.92115e+02
    5.20308e-01     2.87316e+02
    5.24414e-01     2.82568e+02
    5.28552e-01     2.77869e+02
    5.32723e-01     2.73217e+02
    5.36927e-01     2.68622e+02
    5.41164e-01     2.64088e+02
    5.45435e-01     2.59619e+02
    5.49739e-01     2.55219e+02
    5.54077e-01     2.50888e+02
    5.58449e-01     2.46621e+02
    5.62856e-01     2.42427e+02
    5.67298e-01     2.38302e+02
    5.71774e-01     2.34244e+02
    5.76286e-01     2.30254e+02
    5.80834e-01     2.26332e+02
    5.85417e-01     2.22476e+02
    5.90037e-01     2.18684e+02
    5.94693e-01     2.14961e+02
    5.99386e-01     2.11306e+02
    6.04116e-01     2.07712e+02
    6.08883e-01     2.04179e+02
    6.13688e-01     2.00712e+02
    6.18531e-01     1.97306e+02
    6.23412e-01     1.93960e+02
    6.28331e-01     1.90673e+02
    6.33289e-01     1.87445e+02
    6.38287e-01     1.84272e+02
    6.43324e-01     1.81155e+02
    6.48400e-01     1.78091e+02
    6.53517e-01     1.75078e+02
    6.58674e-01     1.72116e+02
    6.63872e-01     1.69201e+02
    6.69110e-01     1.66332e+02
    6.74391e-01     1.63508e+02
    6.79712e-01     1.60725e+02
    6.85076e-01     1.57982e+02
    6.90482e-01     1.55277e+02
    6.95931e-01     1.52612e+02
    7.01423e-01     1.49986e+02
    7.06958e-01     1.47399e+02
    7.12536e-01     1.44851e+02
    7.18159e-01     1.42343e+02
    7.23826e-01     1.39874e+02
    7.29538e-01     1.37444e+02
    7.35295e-01     1.35053e+02
    7.41098e-01     1.32701e+02
    7.46946e-01     1.30388e+02
    7.52840e-01     1.28113e+02
    7.58781e-01     1.25876e+02
    7.64769e-01     1.23677e+02
    7.70804e-01     1.21515e+02
    7.76886e-01     1.19390e+02
    7.83017e-01     1.17301e+02
    7.89196e-01     1.15249e+02
    7.95423e-01     1.13231e+02
    8.01700e-01     1.11248e+02
    8.08027e-01     1.09299e+02
    8.14403e-01     1.07383e+02
    8.20830e-01     1.05500e+02
    8.27307e-01     1.03648e+02
    8.33835e-01     1.01826e+02
    8.40415e-01     1.00035e+02
    8.47047e-01     9.82721e+01
    8.53732e-01     9.65370e+01
    8.60468e-01     9.48287e+01
    8.67259e-01     9.31478e+01
    8.74102e-01     9.14937e+01
    8.81000e-01     8.98668e+01
    8.87952e-01     8.82669e+01
    8.94959e-01     8.66938e+01
    9.02022e-01     8.51477e+01
    9.09140e-01     8.36280e+01
    9.16314e-01     8.21346e+01
    9.23545e-01     8.06679e+01
    9.30833e-01     7.92269e+01
    9.38178e-01     7.78119e+01
    9.45581e-01     7.64221e+01
    9.53043e-01     7.50574e+01
    9.60564e-01     7.37178e+01
    9.68144e-01     7.24024e+01
    9.75784e-01     7.11111e+01
    9.83484e-01     6.98432e+01
    9.91245e-01     6.85986e+01
    9.99067e-01     6.73762e+01
    1.00695e+00     6.61760e+01
    1.01490e+00     6.49973e+01
    1.02291e+00     6.38391e+01
    1.03098e+00     6.27009e+01
    1.03911e+00     6.15820e+01
    1.04731e+00     6.04822e+01
    1.05558e+00     5.94005e+01
    1.06391e+00     5.83355e+01
    1.07230e+00     5.72871e+01
    1.08076e+00     5.62549e+01
    1.08929e+00     5.52397e+01
    1.09789e+00     5.42410e+01
    1.10655e+00     5.32583e+01
    1.11528e+00     5.22922e+01
    1.12409e+00     5.13429e+01
    1.13296e+00     5.04096e+01
    1.14190e+00     4.94923e+01
    1.15091e+00     4.85910e+01
    1.15999e+00     4.77058e+01
    1.16914e+00     4.68364e+01
    1.17837e+00     4.59828e+01
    1.18767e+00     4.51447e+01
    1.19704e+00     4.43218e+01
    1.20649e+00     4.35142e+01
    1.21601e+00     4.27210e+01
    1.22560e+00     4.19424e+01
    1.23527e+00     4.11785e+01
    1.24502e+00     4.04286e+01
    1.25485e+00     3.96924e+01
    1.26475e+00     3.89694e+01
    1.27473e+00     3.82594e+01
    1.28479e+00     3.75623e+01
    1.29493e+00     3.68773e+01
    1.30515e+00     3.62043e+01
    1.31544e+00     3.55422e+01
    1.32583e+00     3.48917e+01
    1.33629e+00     3.42514e+01
    1.34683e+00     3.36215e+01
    1.35746e+00     3.30022e+01
    1.36817e+00     3.23930e+01
    1.37897e+00     3.17946e+01
    1.38985e+00     3.12063e+01
    1.40082e+00     3.06284e+01
    1.41187e+00     3.00607e+01
    1.42301e+00     2.95033e+01
    1.43424e+00     2.89558e+01
    1.44556e+00     2.84186e+01
    1.45697e+00     2.78914e+01
    1.46847e+00     2.73738e+01
    1.48005e+00     2.68657e+01
    1.49173e+00     2.63674e+01
    1.50351e+00     2.58787e+01
    1.51537e+00     2.53991e+01
    1.52733e+00     2.49285e+01
    1.53938e+00     2.44670e+01
    1.55153e+00     2.40142e+01
    1.56377e+00     2.35697e+01
    1.57611e+00     2.31337e+01
    1.58855e+00     2.27060e+01
    1.60108e+00     2.22858e+01
    1.61372e+00     2.18732e+01
    1.62645e+00     2.14681e+01
    1.63929e+00     2.10698e+01
    1.65222e+00     2.06784e+01
    1.66526e+00     2.02933e+01
    1.67840e+00     1.99146e+01
    1.69165e+00     1.95425e+01
    1.70500e+00     1.91764e+01
    1.71845e+00     1.88167e+01
    1.73201e+00     1.84631e+01
    1.74568e+00     1.81159e+01
    1.75945e+00     1.77749e+01
    1.77334e+00     1.74401e+01
    1.78733e+00     1.71115e+01
    1.80144e+00     1.67890e+01
    1.81565e+00     1.64723e+01
    1.82998e+00     1.61617e+01
    1.84442e+00     1.58570e+01
    1.85898e+00     1.55581e+01
    1.87365e+00     1.52650e+01
    1.88843e+00     1.49775e+01
    1.90333e+00     1.46954e+01
    1.91835e+00     1.44189e+01
    1.93349e+00     1.41477e+01
    1.94875e+00     1.38817e+01
    1.96413e+00     1.36208e+01
    1.97963e+00     1.33646e+01
    1.99525e+00     1.31135e+01
    2.01099e+00     1.28668e+01
    2.02686e+00     1.26246e+01
    2.04286e+00     1.23868e+01
    2.05898e+00     1.21533e+01
    2.07522e+00     1.19235e+01
    2.09160e+00     1.16976e+01
    2.10811e+00     1.14757e+01
    2.12474e+00     1.12574e+01
    2.14151e+00     1.10431e+01
    2.15841e+00     1.08326e+01
    2.17544e+00     1.06258e+01
    2.19261e+00     1.04229e+01
    2.20991e+00     1.02236e+01
    2.22735e+00     1.00281e+01
    2.24492e+00     9.83634e+00
    2.26264e+00     9.64818e+00
    2.28049e+00     9.46368e+00
    2.29849e+00     9.28258e+00
    2.31663e+00     9.10513e+00
    2.33491e+00     8.93114e+00
    2.35333e+00     8.76059e+00
    2.37190e+00     8.59334e+00
    2.39062e+00     8.42950e+00
    2.40949e+00     8.26874e+00
    2.42850e+00     8.11116e+00
    2.44766e+00     7.95662e+00
    2.46698e+00     7.80511e+00
    2.48645e+00     7.65644e+00
    2.50607e+00     7.51060e+00
    2.52584e+00     7.36746e+00
    2.54578e+00     7.22696e+00
    2.56587e+00     7.08894e+00
    2.58611e+00     6.95328e+00
    2.60652e+00     6.81997e+00
    2.62709e+00     6.68893e+00
    2.64782e+00     6.56018e+00
    2.66871e+00     6.43371e+00
    2.68977e+00     6.30951e+00
    2.71100e+00     6.18758e+00
    2.73239e+00     6.06788e+00
    2.75395e+00     5.95043e+00
    2.77569e+00     5.83521e+00
    2.79759e+00     5.72217e+00
    2.81967e+00     5.61131e+00
    2.84192e+00     5.50260e+00
    2.86434e+00     5.39601e+00
    2.88695e+00     5.29153e+00
    2.90973e+00     5.18912e+00
    2.93269e+00     5.08874e+00
    2.95583e+00     4.99035e+00
    2.97916e+00     4.89393e+00
    3.00267e+00     4.79942e+00
    3.02636e+00     4.70679e+00
    3.05024e+00     4.61599e+00
    3.07431e+00     4.52697e+00
    3.09857e+00     4.43968e+00
    3.12302e+00     4.35408e+00
    3.14767e+00     4.27009e+00
    3.17251e+00     4.18767e+00
    3.19754e+00     4.10674e+00
    3.22278e+00     4.02726e+00
    3.24821e+00     3.94914e+00
    3.27384e+00     3.87237e+00
    3.29967e+00     3.79696e+00
    3.32571e+00     3.72291e+00
    3.35196e+00     3.65020e+00
    3.37841e+00     3.57883e+00
    3.40507e+00     3.50879e+00
    3.43194e+00     3.44009e+00
    3.45902e+00     3.37268e+00
    3.48632e+00     3.30658e+00
    3.51383e+00     3.24176e+00
    3.54155e+00     3.17822e+00
    3.56950e+00     3.11595e+00
    3.59767e+00     3.05491e+00
    3.62606e+00     2.99510e+00
    3.65467e+00     2.93649e+00
    3.68351e+00     2.87906e+00
    3.71258e+00     2.82280e+00
    3.74188e+00     2.76767e+00
    3.77141e+00     2.71365e+00
    3.80117e+00     2.66072e+00
    3.83116e+00     2.60884e+00
    3.86140e+00     2.55798e+00
    3.89187e+00     2.50813e+00
    3.92258e+00     2.45923e+00
    3.95353e+00     2.41125e+00
    3.98473e+00     2.36418e+00
    4.01617e+00     2.31794e+00
    4.04787e+00     2.27253e+00
    4.07981e+00     2.22791e+00
    4.11200e+00     2.18408e+00
    4.14445e+00     2.14105e+00
    4.17716e+00     2.09881e+00
    4.21012e+00     2.05735e+00
    4.24334e+00     2.01666e+00
    4.27683e+00     1.97677e+00
    4.31058e+00     1.93762e+00
    4.34459e+00     1.89926e+00
    4.37888e+00     1.86164e+00
    4.41343e+00     1.82476e+00
    4.44826e+00     1.78864e+00
    4.48336e+00     1.75323e+00
    4.51874e+00     1.71855e+00
    4.55440e+00     1.68456e+00
    4.59034e+00     1.65128e+00
    4.62656e+00     1.61867e+00
    4.66307e+00     1.58673e+00
    4.69987e+00     1.55544e+00
    4.73696e+00     1.52479e+00
    4.77434e+00     1.49476e+00
    4.81201e+00     1.46533e+00
    4.84999e+00     1.43649e+00
    4.88826e+00     1.40821e+00
    4.92683e+00     1.38047e+00
    4.96571e+00     1.35326e+00
    5.00490e+00     1.32655e+00
    5.04439e+00     1.30032e+00
    5.08420e+00     1.27456e+00
    5.12432e+00     1.24925e+00
    5.16476e+00     1.22441e+00
    5.20551e+00     1.20002e+00
    5.24659e+00     1.17609e+00
    5.28799e+00     1.15262e+00
    5.32972e+00     1.12959e+00
    5.37178e+00     1.10702e+00
    5.41417e+00     1.08489e+00
    5.45689e+00     1.06320e+00
    5.49995e+00     1.04194e+00
    5.54335e+00     1.02111e+00
    5.58710e+00     1.00071e+00
    5.63119e+00     9.80718e-01
    5.67562e+00     9.61144e-01
    5.72041e+00     9.41972e-01
    5.76555e+00     9.23195e-01
    5.81105e+00     9.04804e-01
    5.85691e+00     8.86797e-01
    5.90312e+00     8.69160e-01
    5.94971e+00     8.51886e-01
    5.99666e+00     8.34955e-01
    6.04398e+00     8.18373e-01
    6.09167e+00     8.02121e-01
    6.13974e+00     7.86183e-01
    6.18819e+00     7.70548e-01
    6.23703e+00     7.55217e-01
    6.28624e+00     7.40154e-01
    6.33585e+00     7.25368e-01
    6.38585e+00     7.10849e-01
    6.43624e+00     6.96595e-01
    6.48703e+00     6.82605e-01
    6.53822e+00     6.68877e-01
    6.58982e+00     6.55410e-01
    6.64182e+00     6.42209e-01
    6.69423e+00     6.29264e-01
    6.74705e+00     6.16575e-01
    6.80030e+00     6.04140e-01
    6.85396e+00     5.91950e-01
    6.90805e+00     5.80017e-01
    6.96256e+00     5.68324e-01
    7.01750e+00     5.56878e-01
    7.07288e+00     5.45663e-01
    7.12869e+00     5.34683e-01
    7.18495e+00     5.23932e-01
    7.24164e+00     5.13405e-01
    7.29879e+00     5.03103e-01
    7.35639e+00     4.93010e-01
    7.41444e+00     4.83124e-01
    7.47295e+00     4.73451e-01
    7.53192e+00     4.63963e-01
    7.59135e+00     4.54678e-01
    7.65126e+00     4.45569e-01
    7.71163e+00     4.36641e-01
    7.77249e+00     4.27881e-01
    7.83382e+00     4.19287e-01
    7.89564e+00     4.10846e-01
    7.95795e+00     4.02558e-01
    8.02075e+00     3.94426e-01
    8.08404e+00     3.86444e-01
    8.14783e+00     3.78612e-01
    8.21213e+00     3.70928e-01
    8.27693e+00     3.63397e-01
    8.34225e+00     3.56019e-01
    8.40808e+00     3.48780e-01
    8.47443e+00     3.41691e-01
    8.54130e+00     3.34745e-01
    8.60870e+00     3.27941e-01
    8.67664e+00     3.21279e-01
    8.74510e+00     3.14756e-01
    8.81411e+00     3.08367e-01
    8.88367e+00     3.02110e-01
    8.95377e+00     2.95990e-01
    9.02443e+00     2.89995e-01
    9.09564e+00     2.84128e-01
    9.16742e+00     2.78385e-01
    9.23976e+00     2.72763e-01
    9.31267e+00     2.67256e-01
    9.38616e+00     2.61863e-01
    9.46023e+00     2.56580e-01
    9.53488e+00     2.51403e-01
    9.61012e+00     2.46328e-01
    9.68596e+00     2.41352e-01
    9.76239e+00     2.36470e-01
    9.83943e+00     2.31678e-01
    9.91708e+00     2.26973e-01
    9.99533e+00     2.22355e-01
    1.00742e+01     2.17824e-01
    1.01537e+01     2.13378e-01
    1.02338e+01     2.09019e-01
    1.03146e+01     2.04745e-01
    1.03960e+01     2.00556e-01
    1.04780e+01     1.96450e-01
    1.05607e+01     1.92428e-01
    1.06440e+01     1.88487e-01
    1.07280e+01     1.84628e-01
    1.08127e+01     1.80850e-01
    1.08980e+01     1.77150e-01
    1.09840e+01     1.73529e-01
    1.10707e+01     1.69984e-01
    1.11581e+01     1.66514e-01
    1.12461e+01     1.63117e-01
    1.13349e+01     1.59794e-01
    1.14243e+01     1.56540e-01
    1.15144e+01     1.53354e-01
    1.16053e+01     1.50236e-01
    1.16969e+01     1.47184e-01
    1.17892e+01     1.44194e-01
    1.18822e+01     1.41264e-01
    1.19760e+01     1.38394e-01
    1.20705e+01     1.35580e-01
    1.21657e+01     1.32819e-01
    1.22618e+01     1.30111e-01
    1.23585e+01     1.27452e-01
    1.24560e+01     1.24842e-01
    1.25543e+01     1.22282e-01
    1.26534e+01     1.19771e-01
    1.27532e+01     1.17307e-01
    1.28539e+01     1.14893e-01
    1.29553e+01     1.12527e-01
    1.30576e+01     1.10208e-01
    1.31606e+01     1.07936e-01
    1.32644e+01     1.05711e-01
    1.33691e+01     1.03532e-01
    1.34746e+01     1.01399e-01
    1.35809e+01     9.93103e-02
    1.36881e+01     9.72666e-02
    1.37961e+01     9.52659e-02
    1.39050e+01     9.33081e-02
    1.40147e+01     9.13917e-02
    1.41253e+01     8.95168e-02
    1.42368e+01     8.76820e-02
    1.43491e+01     8.58858e-02
    1.44624e+01     8.41281e-02
    1.45765e+01     8.24071e-02
    1.46915e+01     8.07224e-02
    1.48075e+01     7.90722e-02
    1.49243e+01     7.74552e-02
    1.50421e+01     7.58708e-02
    1.51608e+01     7.43170e-02
    1.52804e+01     7.27926e-02
    1.54010e+01     7.12964e-02
    1.55225e+01     6.98280e-02
    1.56450e+01     6.83873e-02
    1.57685e+01     6.69745e-02
    1.58929e+01     6.55890e-02
    1.60183e+01     6.42308e-02
    1.61447e+01     6.28999e-02
    1.62721e+01     6.15956e-02
    1.64005e+01     6.03181e-02
    1.65300e+01     5.90674e-02
    1.66604e+01     5.78419e-02
    1.67919e+01     5.66425e-02
    1.69244e+01     5.54687e-02
    1.70579e+01     5.43194e-02
    1.71925e+01     5.31952e-02
    1.73282e+01     5.20947e-02
    1.74649e+01     5.10183e-02
    1.76028e+01     4.99652e-02
    1.77417e+01     4.89343e-02
    1.78817e+01     4.79258e-02
    1.80228e+01     4.69388e-02
    1.81650e+01     4.59727e-02
    1.83083e+01     4.50269e-02
    1.84528e+01     4.41007e-02
    1.85984e+01     4.31938e-02
    1.87452e+01     4.23052e-02
    1.88931e+01     4.14338e-02
    1.90422e+01     4.05795e-02
    1.91925e+01     3.97408e-02
    1.93439e+01     3.89180e-02
    1.94966e+01     3.81106e-02
    1.96504e+01     3.73189e-02
    1.98055e+01     3.65428e-02
    1.99618e+01     3.57816e-02
    2.01193e+01     3.50358e-02
    2.02781e+01     3.43053e-02
    2.04381e+01     3.35898e-02
    2.05994e+01     3.28888e-02
    2.07619e+01     3.22026e-02
    2.09258e+01     3.15310e-02
    2.10909e+01     3.08734e-02
    2.12573e+01     3.02303e-02
    2.14251e+01     2.96007e-02
    2.15941e+01     2.89846e-02
    2.17646e+01     2.83822e-02
    2.19363e+01     2.77925e-02
    2.21094e+01     2.72159e-02
    2.22839e+01     2.66517e-02
    2.24597e+01     2.60995e-02
    2.26370e+01     2.55593e-02
    2.28156e+01     2.50303e-02
    2.29956e+01     2.45126e-02
    2.31771e+01     2.40056e-02
    2.33600e+01     2.35091e-02
    2.35443e+01     2.30224e-02
    2.37301e+01     2.25451e-02
    2.39174e+01     2.20769e-02
    2.41061e+01     2.16174e-02
    2.42963e+01     2.11668e-02
    2.44881e+01     2.07248e-02
    2.46813e+01     2.02912e-02
    2.48761e+01     1.98665e-02
    2.50724e+01     1.94502e-02
    2.52702e+01     1.90424e-02
    2.54696e+01     1.86429e-02
    2.56706e+01     1.82518e-02
    2.58732e+01     1.78690e-02
    2.60774e+01     1.74941e-02
    2.62832e+01     1.71273e-02
    2.64906e+01     1.67683e-02
    2.66996e+01     1.64171e-02
    2.69103e+01     1.60734e-02
    2.71227e+01     1.57373e-02
    2.73367e+01     1.54086e-02
    2.75524e+01     1.50870e-02
    2.77698e+01     1.47725e-02
    2.79890e+01     1.44647e-02
    2.82098e+01     1.41636e-02
    2.84324e+01     1.38689e-02
    2.86568e+01     1.35805e-02
    2.88829e+01     1.32981e-02
    2.91109e+01     1.30215e-02
    2.93406e+01     1.27504e-02
    2.95721e+01     1.24849e-02
    2.98055e+01     1.22244e-02
    3.00407e+01     1.19686e-02
    3.02777e+01     1.17180e-02
    3.05167e+01     1.14719e-02
    3.07575e+01     1.12309e-02
    3.10002e+01     1.09945e-02
    3.12448e+01     1.07629e-02
    3.14914e+01     1.05360e-02
    3.17399e+01     1.03139e-02
    3.19904e+01     1.00964e-02
    3.22428e+01     9.88325e-03
    3.24972e+01     9.67484e-03
    3.27537e+01     9.47096e-03
    3.30121e+01     9.27127e-03
    3.32727e+01     9.07603e-03
    3.35352e+01     8.88501e-03
    3.37998e+01     8.69816e-03
    3.40666e+01     8.51545e-03
    3.43354e+01     8.33672e-03
    3.46063e+01     8.16188e-03
    3.48794e+01     7.99089e-03
    3.51547e+01     7.82364e-03
    3.54321e+01     7.65996e-03
    3.57117e+01     7.49978e-03
    3.59935e+01     7.34300e-03
    3.62775e+01     7.18947e-03
    3.65638e+01     7.03910e-03
    3.68523e+01     6.89171e-03
    3.71431e+01     6.74718e-03
    3.74363e+01     6.60544e-03
    3.77317e+01     6.46634e-03
    3.80294e+01     6.32994e-03
    3.83295e+01     6.19624e-03
    3.86320e+01     6.06519e-03
    3.89368e+01     5.93677e-03
    3.92441e+01     5.81097e-03
    3.95538e+01     5.68778e-03
    3.98659e+01     5.56717e-03
    4.01805e+01     5.44909e-03
    4.04976e+01     5.33354e-03
    4.08171e+01     5.22044e-03
    4.11392e+01     5.10980e-03
    4.14639e+01     5.00158e-03
    4.17911e+01     4.89573e-03
    4.21209e+01     4.79220e-03
    4.24532e+01     4.69093e-03
    4.27883e+01     4.59193e-03
    4.31259e+01     4.49508e-03
    4.34662e+01     4.40037e-03
    4.38092e+01     4.30774e-03
    4.41549e+01     4.21710e-03
    4.45034e+01     4.12844e-03
    4.48546e+01     4.04166e-03
    4.52085e+01     3.95669e-03
    4.55653e+01     3.87349e-03
    4.59248e+01     3.79196e-03
    4.62872e+01     3.71204e-03
    4.66525e+01     3.63365e-03
    4.70206e+01     3.55674e-03
    4.73917e+01     3.48134e-03
    4.77657e+01     3.40742e-03
    4.81426e+01     3.33496e-03
    4.85225e+01     3.26396e-03
    4.89054e+01     3.19441e-03
    4.92913e+01     3.12631e-03
    4.96803e+01     3.05963e-03
    5.00723e+01     2.99436e-03
    5.04675e+01     2.93049e-03
    5.08657e+01     2.86799e-03
    5.12671e+01     2.80685e-03
    5.16717e+01     2.74704e-03
    5.20794e+01     2.68855e-03
    5.24904e+01     2.63134e-03
    5.29046e+01     2.57541e-03
    5.33221e+01     2.52071e-03
    5.37429e+01     2.46723e-03
    5.41670e+01     2.41493e-03
    5.45944e+01     2.36378e-03
    5.50252e+01     2.31375e-03
    5.54594e+01     2.26482e-03
    5.58971e+01     2.21693e-03
    5.63382e+01     2.17007e-03
    5.67827e+01     2.12418e-03
    5.72308e+01     2.07923e-03
    5.76825e+01     2.03518e-03
    5.81376e+01     1.99199e-03
    5.85964e+01     1.94962e-03
    5.90588e+01     1.90808e-03
    5.95249e+01     1.86737e-03
    5.99946e+01     1.82746e-03
    6.04680e+01     1.78836e-03
    6.09452e+01     1.75006e-03
    6.14261e+01     1.71255e-03
    6.19108e+01     1.67584e-03
    6.23994e+01     1.63990e-03
    6.28918e+01     1.60474e-03
    6.33881e+01     1.57032e-03
    6.38883e+01     1.53666e-03
    6.43925e+01     1.50373e-03
    6.49006e+01     1.47153e-03
    6.54127e+01     1.44003e-03
    6.59289e+01     1.40924e-03
    6.64492e+01     1.37912e-03
    6.69735e+01     1.34967e-03
    6.75020e+01     1.32087e-03
    6.80347e+01     1.29271e-03
    6.85716e+01     1.26515e-03
    6.91127e+01     1.23819e-03
    6.96581e+01     1.21182e-03
    7.02078e+01     1.18599e-03
    7.07618e+01     1.16071e-03
    7.13202e+01     1.13593e-03
    7.18830e+01     1.11165e-03
    7.24503e+01     1.08783e-03
    7.30220e+01     1.06446e-03
    7.35982e+01     1.04153e-03
    7.41790e+01     1.01904e-03
    7.47643e+01     9.96993e-04
    7.53543e+01     9.75396e-04
    7.59490e+01     9.54230e-04
    7.65483e+01     9.33499e-04
    7.71524e+01     9.13201e-04
    7.77612e+01     8.93339e-04
    7.83748e+01     8.73894e-04
    7.89933e+01     8.54889e-04
    7.96166e+01     8.36293e-04
    8.02449e+01     8.18120e-04
    8.08781e+01     8.00356e-04
    8.15164e+01     7.82993e-04
    8.21596e+01     7.66039e-04
    8.28080e+01     7.49478e-04
    8.34614e+01     7.33302e-04
    8.41200e+01     7.17511e-04
    8.47838e+01     7.02092e-04
    8.54529e+01     6.87042e-04
    8.61272e+01     6.72355e-04
    8.68069e+01     6.58015e-04
    8.74919e+01     6.44024e-04
    8.81823e+01     6.30364e-04
    8.88782e+01     6.17032e-04
    8.95795e+01     6.04009e-04
    9.02864e+01     5.91293e-04
    9.09989e+01     5.78873e-04
    9.17170e+01     5.66738e-04
    9.24407e+01     5.54886e-04
    9.31702e+01     5.43300e-04
    9.39054e+01     5.31985e-04
    9.46465e+01     5.20916e-04
    9.53933e+01     5.10098e-04
    9.61461e+01     4.99523e-04
    9.69048e+01     4.89166e-04
    9.76695e+01     4.79032e-04
    9.84402e+01     4.69099e-04
    9.92171e+01     4.59373e-04
    1.00000e+02     4.49823e-04
