    1.50000e-05     4.34230e+00
    1.51184e-05     4.37549e+00
    1.52377e-05     4.40891e+00
    1.53579e-05     4.44258e+00
    1.54791e-05     4.47653e+00
    1.56013e-05     4.51074e+00
    1.57244e-05     4.54520e+00
    1.58485e-05     4.57992e+00
    1.59735e-05     4.61489e+00
    1.60996e-05     4.65016e+00
    1.62266e-05     4.68568e+00
    1.63547e-05     4.72149e+00
    1.64837e-05     4.75754e+00
    1.66138e-05     4.79390e+00
    1.67449e-05     4.83052e+00
    1.68770e-05     4.86741e+00
    1.70102e-05     4.90460e+00
    1.71444e-05     4.94206e+00
    1.72797e-05     4.97982e+00
    1.74161e-05     5.01787e+00
    1.75535e-05     5.05619e+00
    1.76920e-05     5.09481e+00
    1.78317e-05     5.13375e+00
    1.79724e-05     5.17297e+00
    1.81142e-05     5.21247e+00
    1.82571e-05     5.25228e+00
    1.84012e-05     5.29240e+00
    1.85464e-05     5.33283e+00
    1.86928e-05     5.37358e+00
    1.88403e-05     5.41462e+00
    1.89890e-05     5.45600e+00
    1.91388e-05     5.49767e+00
    1.92898e-05     5.53965e+00
    1.94421e-05     5.58199e+00
    1.95955e-05     5.62463e+00
    1.97501e-05     5.66759e+00
    1.99060e-05     5.71090e+00
    2.00630e-05     5.75451e+00
    2.02214e-05     5.79850e+00
    2.03809e-05     5.84278e+00
    2.05418e-05     5.88744e+00
    2.07039e-05     5.93242e+00
    2.08672e-05     5.97772e+00
    2.10319e-05     6.02339e+00
    2.11979e-05     6.06942e+00
    2.13652e-05     6.11579e+00
    2.15338e-05     6.16252e+00
    2.17037e-05     6.20959e+00
    2.18749e-05     6.25701e+00
    2.20476e-05     6.30483e+00
    2.22215e-05     6.35298e+00
    2.23969e-05     6.40152e+00
    2.25736e-05     6.45042e+00
    2.27518e-05     6.49971e+00
    2.29313e-05     6.54936e+00
    2.31123e-05     6.59941e+00
    2.32947e-05     6.64983e+00
    2.34785e-05     6.70062e+00
    2.36638e-05     6.75182e+00
    2.38505e-05     6.80339e+00
    2.40387e-05     6.85537e+00
    2.42284e-05     6.90774e+00
    2.44196e-05     6.96051e+00
    2.46123e-05     7.01369e+00
    2.48065e-05     7.06727e+00
    2.50023e-05     7.12127e+00
    2.51996e-05     7.17567e+00
    2.53984e-05     7.23048e+00
    2.55988e-05     7.28571e+00
    2.58008e-05     7.34135e+00
    2.60044e-05     7.39744e+00
    2.62096e-05     7.45395e+00
    2.64165e-05     7.51090e+00
    2.66249e-05     7.56827e+00
    2.68350e-05     7.62607e+00
    2.70468e-05     7.68434e+00
    2.72602e-05     7.74302e+00
    2.74753e-05     7.80217e+00
    2.76922e-05     7.86179e+00
    2.79107e-05     7.92184e+00
    2.81309e-05     7.98235e+00
    2.83529e-05     8.04333e+00
    2.85767e-05     8.10480e+00
    2.88022e-05     8.16671e+00
    2.90294e-05     8.22908e+00
    2.92585e-05     8.29195e+00
    2.94894e-05     8.35531e+00
    2.97221e-05     8.41914e+00
    2.99567e-05     8.48347e+00
    3.01931e-05     8.54828e+00
    3.04313e-05     8.61357e+00
    3.06715e-05     8.67939e+00
    3.09135e-05     8.74569e+00
    3.11574e-05     8.81249e+00
    3.14033e-05     8.87982e+00
    3.16511e-05     8.94764e+00
    3.19009e-05     9.01601e+00
    3.21526e-05     9.08486e+00
    3.24063e-05     9.15426e+00
    3.26621e-05     9.22419e+00
    3.29198e-05     9.29465e+00
    3.31796e-05     9.36565e+00
    3.34414e-05     9.43719e+00
    3.37053e-05     9.50929e+00
    3.39713e-05     9.58192e+00
    3.42394e-05     9.65513e+00
    3.45096e-05     9.72890e+00
    3.47819e-05     9.80320e+00
    3.50563e-05     9.87807e+00
    3.53330e-05     9.95355e+00
    3.56118e-05     1.00296e+01
    3.58928e-05     1.01062e+01
    3.61761e-05     1.01834e+01
    3.64615e-05     1.02612e+01
    3.67493e-05     1.03396e+01
    3.70393e-05     1.04186e+01
    3.73315e-05     1.04982e+01
    3.76261e-05     1.05784e+01
    3.79231e-05     1.06592e+01
    3.82223e-05     1.07407e+01
    3.85239e-05     1.08227e+01
    3.88279e-05     1.09054e+01
    3.91343e-05     1.09887e+01
    3.94431e-05     1.10726e+01
    3.97544e-05     1.11572e+01
    4.00681e-05     1.12424e+01
    4.03843e-05     1.13283e+01
    4.07030e-05     1.14148e+01
    4.10242e-05     1.15020e+01
    4.13479e-05     1.15899e+01
    4.16742e-05     1.16784e+01
    4.20031e-05     1.17676e+01
    4.23345e-05     1.18575e+01
    4.26686e-05     1.19481e+01
    4.30053e-05     1.20394e+01
    4.33447e-05     1.21314e+01
    4.36867e-05     1.22240e+01
    4.40314e-05     1.23174e+01
    4.43789e-05     1.24115e+01
    4.47291e-05     1.25063e+01
    4.50821e-05     1.26018e+01
    4.54378e-05     1.26981e+01
    4.57964e-05     1.27951e+01
    4.61578e-05     1.28928e+01
    4.65220e-05     1.29913e+01
    4.68891e-05     1.30905e+01
    4.72591e-05     1.31905e+01
    4.76321e-05     1.32913e+01
    4.80079e-05     1.33928e+01
    4.83868e-05     1.34951e+01
    4.87686e-05     1.35982e+01
    4.91535e-05     1.37021e+01
    4.95413e-05     1.38068e+01
    4.99323e-05     1.39123e+01
    5.03263e-05     1.40185e+01
    5.07234e-05     1.41256e+01
    5.11237e-05     1.42335e+01
    5.15271e-05     1.43422e+01
    5.19338e-05     1.44518e+01
    5.23436e-05     1.45622e+01
    5.27566e-05     1.46734e+01
    5.31729e-05     1.47855e+01
    5.35925e-05     1.48984e+01
    5.40155e-05     1.50123e+01
    5.44417e-05     1.51270e+01
    5.48713e-05     1.52425e+01
    5.53043e-05     1.53589e+01
    5.57407e-05     1.54762e+01
    5.61806e-05     1.55945e+01
    5.66239e-05     1.57136e+01
    5.70708e-05     1.58336e+01
    5.75211e-05     1.59546e+01
    5.79750e-05     1.60764e+01
    5.84325e-05     1.61992e+01
    5.88936e-05     1.63229e+01
    5.93584e-05     1.64476e+01
    5.98268e-05     1.65732e+01
    6.02989e-05     1.66998e+01
    6.07747e-05     1.68274e+01
    6.12543e-05     1.69559e+01
    6.17377e-05     1.70854e+01
    6.22249e-05     1.72159e+01
    6.27159e-05     1.73474e+01
    6.32108e-05     1.74799e+01
    6.37096e-05     1.76134e+01
    6.42124e-05     1.77479e+01
    6.47191e-05     1.78835e+01
    6.52298e-05     1.80201e+01
    6.57445e-05     1.81577e+01
    6.62633e-05     1.82964e+01
    6.67862e-05     1.84362e+01
    6.73132e-05     1.85770e+01
    6.78444e-05     1.87188e+01
    6.83798e-05     1.88619e+01
    6.89194e-05     1.90059e+01
    6.94633e-05     1.91511e+01
    7.00114e-05     1.92973e+01
    7.05639e-05     1.94448e+01
    7.11207e-05     1.95933e+01
    7.16820e-05     1.97429e+01
    7.22476e-05     1.98937e+01
    7.28177e-05     2.00457e+01
    7.33924e-05     2.01988e+01
    7.39715e-05     2.03531e+01
    7.45552e-05     2.05085e+01
    7.51436e-05     2.06652e+01
    7.57365e-05     2.08230e+01
    7.63342e-05     2.09820e+01
    7.69366e-05     2.11423e+01
    7.75437e-05     2.13038e+01
    7.81556e-05     2.14665e+01
    7.87723e-05     2.16304e+01
    7.93940e-05     2.17956e+01
    8.00205e-05     2.19621e+01
    8.06519e-05     2.21298e+01
    8.12884e-05     2.22988e+01
    8.19298e-05     2.24691e+01
    8.25764e-05     2.26407e+01
    8.32280e-05     2.28136e+01
    8.38848e-05     2.29879e+01
    8.45467e-05     2.31634e+01
    8.52139e-05     2.33402e+01
    8.58863e-05     2.35185e+01
    8.65641e-05     2.36981e+01
    8.72472e-05     2.38791e+01
    8.79357e-05     2.40614e+01
    8.86296e-05     2.42451e+01
    8.93290e-05     2.44303e+01
    9.00339e-05     2.46168e+01
    9.07444e-05     2.48048e+01
    9.14605e-05     2.49943e+01
    9.21822e-05     2.51851e+01
    9.29096e-05     2.53775e+01
    9.36428e-05     2.55712e+01
    9.43817e-05     2.57665e+01
    9.51265e-05     2.59633e+01
    9.58772e-05     2.61616e+01
    9.66338e-05     2.63613e+01
    9.73963e-05     2.65627e+01
    9.81649e-05     2.67655e+01
    9.89396e-05     2.69699e+01
    9.97203e-05     2.71758e+01
    1.00507e-04     2.73833e+01
    1.01300e-04     2.75924e+01
    1.02100e-04     2.78032e+01
    1.02905e-04     2.80153e+01
    1.03717e-04     2.82292e+01
    1.04536e-04     2.84449e+01
    1.05361e-04     2.86621e+01
    1.06192e-04     2.88808e+01
    1.07030e-04     2.91013e+01
    1.07875e-04     2.93236e+01
    1.08726e-04     2.95474e+01
    1.09584e-04     2.97730e+01
    1.10449e-04     3.00004e+01
    1.11320e-04     3.02292e+01
    1.12199e-04     3.04601e+01
    1.13084e-04     3.06926e+01
    1.13977e-04     3.09271e+01
    1.14876e-04     3.11631e+01
    1.15783e-04     3.14012e+01
    1.16696e-04     3.16408e+01
    1.17617e-04     3.18823e+01
    1.18545e-04     3.21258e+01
    1.19481e-04     3.23712e+01
    1.20424e-04     3.26183e+01
    1.21374e-04     3.28673e+01
    1.22332e-04     3.31183e+01
    1.23297e-04     3.33711e+01
    1.24270e-04     3.36258e+01
    1.25251e-04     3.38826e+01
    1.26239e-04     3.41412e+01
    1.27235e-04     3.44018e+01
    1.28239e-04     3.46644e+01
    1.29251e-04     3.49290e+01
    1.30271e-04     3.51957e+01
    1.31299e-04     3.54642e+01
    1.32335e-04     3.57349e+01
    1.33379e-04     3.60077e+01
    1.34432e-04     3.62826e+01
    1.35493e-04     3.65596e+01
    1.36562e-04     3.68385e+01
    1.37640e-04     3.71198e+01
    1.38726e-04     3.74031e+01
    1.39821e-04     3.76886e+01
    1.40924e-04     3.79761e+01
    1.42036e-04     3.82659e+01
    1.43157e-04     3.85580e+01
    1.44286e-04     3.88521e+01
    1.45425e-04     3.91487e+01
    1.46573e-04     3.94476e+01
    1.47729e-04     3.97485e+01
    1.48895e-04     4.00518e+01
    1.50070e-04     4.03574e+01
    1.51254e-04     4.06654e+01
    1.52448e-04     4.09758e+01
    1.53651e-04     4.12885e+01
    1.54863e-04     4.16035e+01
    1.56085e-04     4.19210e+01
    1.57317e-04     4.22410e+01
    1.58559e-04     4.25634e+01
    1.59810e-04     4.28882e+01
    1.61071e-04     4.32155e+01
    1.62342e-04     4.35452e+01
    1.63623e-04     4.38775e+01
    1.64914e-04     4.42122e+01
    1.66216e-04     4.45497e+01
    1.67527e-04     4.48894e+01
    1.68849e-04     4.52319e+01
    1.70182e-04     4.55770e+01
    1.71525e-04     4.59247e+01
    1.72878e-04     4.62749e+01
    1.74242e-04     4.66278e+01
    1.75617e-04     4.69835e+01
    1.77003e-04     4.73419e+01
    1.78400e-04     4.77030e+01
    1.79808e-04     4.80669e+01
    1.81227e-04     4.84336e+01
    1.82657e-04     4.88029e+01
    1.84098e-04     4.91750e+01
    1.85551e-04     4.95501e+01
    1.87015e-04     4.99279e+01
    1.88491e-04     5.03087e+01
    1.89978e-04     5.06923e+01
    1.91477e-04     5.10789e+01
    1.92988e-04     5.14684e+01
    1.94511e-04     5.18610e+01
    1.96046e-04     5.22565e+01
    1.97593e-04     5.26549e+01
    1.99153e-04     5.30566e+01
    2.00724e-04     5.34611e+01
    2.02308e-04     5.38688e+01
    2.03904e-04     5.42793e+01
    2.05514e-04     5.46935e+01
    2.07135e-04     5.51102e+01
    2.08770e-04     5.55305e+01
    2.10417e-04     5.59537e+01
    2.12078e-04     5.63804e+01
    2.13751e-04     5.68101e+01
    2.15438e-04     5.72431e+01
    2.17138e-04     5.76795e+01
    2.18852e-04     5.81192e+01
    2.20579e-04     5.85622e+01
    2.22319e-04     5.90084e+01
    2.24074e-04     5.94582e+01
    2.25842e-04     5.99114e+01
    2.27624e-04     6.03679e+01
    2.29420e-04     6.08278e+01
    2.31231e-04     6.12916e+01
    2.33055e-04     6.17584e+01
    2.34894e-04     6.22290e+01
    2.36748e-04     6.27032e+01
    2.38616e-04     6.31809e+01
    2.40499e-04     6.36623e+01
    2.42397e-04     6.41475e+01
    2.44310e-04     6.46361e+01
    2.46238e-04     6.51287e+01
    2.48181e-04     6.56247e+01
    2.50139e-04     6.61244e+01
    2.52113e-04     6.66281e+01
    2.54103e-04     6.71358e+01
    2.56108e-04     6.76470e+01
    2.58129e-04     6.81622e+01
    2.60166e-04     6.86813e+01
    2.62219e-04     6.92042e+01
    2.64288e-04     6.97311e+01
    2.66374e-04     7.02621e+01
    2.68476e-04     7.07971e+01
    2.70594e-04     7.13359e+01
    2.72730e-04     7.18790e+01
    2.74882e-04     7.24261e+01
    2.77051e-04     7.29773e+01
    2.79237e-04     7.35327e+01
    2.81441e-04     7.40925e+01
    2.83662e-04     7.46564e+01
    2.85900e-04     7.52243e+01
    2.88156e-04     7.57967e+01
    2.90430e-04     7.63735e+01
    2.92722e-04     7.69545e+01
    2.95032e-04     7.75401e+01
    2.97360e-04     7.81300e+01
    2.99707e-04     7.87243e+01
    3.02072e-04     7.93232e+01
    3.04455e-04     7.99263e+01
    3.06858e-04     8.05344e+01
    3.09279e-04     8.11468e+01
    3.11720e-04     8.17639e+01
    3.14180e-04     8.23858e+01
    3.16659e-04     8.30121e+01
    3.19158e-04     8.36433e+01
    3.21676e-04     8.42791e+01
    3.24215e-04     8.49201e+01
    3.26773e-04     8.55655e+01
    3.29352e-04     8.62160e+01
    3.31951e-04     8.68713e+01
    3.34570e-04     8.75315e+01
    3.37211e-04     8.81969e+01
    3.39872e-04     8.88672e+01
    3.42554e-04     8.95425e+01
    3.45257e-04     9.02227e+01
    3.47981e-04     9.09080e+01
    3.50727e-04     9.15987e+01
    3.53495e-04     9.22945e+01
    3.56284e-04     9.29954e+01
    3.59096e-04     9.37018e+01
    3.61930e-04     9.44134e+01
    3.64786e-04     9.51303e+01
    3.67664e-04     9.58525e+01
    3.70566e-04     9.65803e+01
    3.73490e-04     9.73134e+01
    3.76437e-04     9.80518e+01
    3.79408e-04     9.87961e+01
    3.82402e-04     9.95456e+01
    3.85419e-04     1.00301e+02
    3.88461e-04     1.01062e+02
    3.91526e-04     1.01828e+02
    3.94616e-04     1.02601e+02
    3.97730e-04     1.03379e+02
    4.00868e-04     1.04163e+02
    4.04032e-04     1.04953e+02
    4.07220e-04     1.05748e+02
    4.10433e-04     1.06550e+02
    4.13672e-04     1.07358e+02
    4.16937e-04     1.08172e+02
    4.20227e-04     1.08992e+02
    4.23543e-04     1.09818e+02
    4.26885e-04     1.10650e+02
    4.30254e-04     1.11488e+02
    4.33649e-04     1.12333e+02
    4.37071e-04     1.13184e+02
    4.40520e-04     1.14041e+02
    4.43996e-04     1.14905e+02
    4.47500e-04     1.15775e+02
    4.51031e-04     1.16651e+02
    4.54590e-04     1.17534e+02
    4.58178e-04     1.18424e+02
    4.61793e-04     1.19320e+02
    4.65437e-04     1.20223e+02
    4.69110e-04     1.21133e+02
    4.72812e-04     1.22049e+02
    4.76543e-04     1.22972e+02
    4.80304e-04     1.23902e+02
    4.84094e-04     1.24839e+02
    4.87914e-04     1.25782e+02
    4.91764e-04     1.26733e+02
    4.95645e-04     1.27691e+02
    4.99556e-04     1.28656e+02
    5.03498e-04     1.29628e+02
    5.07471e-04     1.30607e+02
    5.11476e-04     1.31594e+02
    5.15512e-04     1.32587e+02
    5.19580e-04     1.33589e+02
    5.23680e-04     1.34597e+02
    5.27813e-04     1.35613e+02
    5.31978e-04     1.36637e+02
    5.36176e-04     1.37668e+02
    5.40407e-04     1.38706e+02
    5.44671e-04     1.39752e+02
    5.48969e-04     1.40806e+02
    5.53301e-04     1.41868e+02
    5.57668e-04     1.42938e+02
    5.62068e-04     1.44015e+02
    5.66504e-04     1.45100e+02
    5.70974e-04     1.46193e+02
    5.75480e-04     1.47295e+02
    5.80021e-04     1.48404e+02
    5.84598e-04     1.49521e+02
    5.89211e-04     1.50647e+02
    5.93861e-04     1.51780e+02
    5.98547e-04     1.52923e+02
    6.03270e-04     1.54073e+02
    6.08031e-04     1.55232e+02
    6.12829e-04     1.56399e+02
    6.17665e-04     1.57576e+02
    6.22539e-04     1.58760e+02
    6.27452e-04     1.59953e+02
    6.32403e-04     1.61155e+02
    6.37394e-04     1.62366e+02
    6.42423e-04     1.63585e+02
    6.47493e-04     1.64814e+02
    6.52602e-04     1.66051e+02
    6.57752e-04     1.67298e+02
    6.62943e-04     1.68553e+02
    6.68174e-04     1.69817e+02
    6.73447e-04     1.71091e+02
    6.78761e-04     1.72374e+02
    6.84117e-04     1.73666e+02
    6.89516e-04     1.74968e+02
    6.94957e-04     1.76279e+02
    7.00441e-04     1.77600e+02
    7.05968e-04     1.78930e+02
    7.11539e-04     1.80269e+02
    7.17154e-04     1.81619e+02
    7.22813e-04     1.82978e+02
    7.28517e-04     1.84347e+02
    7.34266e-04     1.85725e+02
    7.40060e-04     1.87114e+02
    7.45900e-04     1.88513e+02
    7.51787e-04     1.89921e+02
    7.57719e-04     1.91340e+02
    7.63698e-04     1.92769e+02
    7.69725e-04     1.94208e+02
    7.75799e-04     1.95658e+02
    7.81921e-04     1.97118e+02
    7.88091e-04     1.98588e+02
    7.94310e-04     2.00069e+02
    8.00578e-04     2.01560e+02
    8.06896e-04     2.03062e+02
    8.13263e-04     2.04575e+02
    8.19681e-04     2.06098e+02
    8.26149e-04     2.07633e+02
    8.32668e-04     2.09178e+02
    8.39239e-04     2.10734e+02
    8.45862e-04     2.12302e+02
    8.52537e-04     2.13880e+02
    8.59264e-04     2.15470e+02
    8.66045e-04     2.17071e+02
    8.72879e-04     2.18683e+02
    8.79767e-04     2.20307e+02
    8.86710e-04     2.21942e+02
    8.93707e-04     2.23589e+02
    9.00759e-04     2.25247e+02
    9.07867e-04     2.26917e+02
    9.15032e-04     2.28599e+02
    9.22252e-04     2.30292e+02
    9.29530e-04     2.31997e+02
    9.36865e-04     2.33715e+02
    9.44258e-04     2.35444e+02
    9.51709e-04     2.37185e+02
    9.59220e-04     2.38939e+02
    9.66789e-04     2.40705e+02
    9.74418e-04     2.42483e+02
    9.82107e-04     2.44274e+02
    9.89858e-04     2.46076e+02
    9.97669e-04     2.47892e+02
    1.00554e-03     2.49719e+02
    1.01348e-03     2.51561e+02
    1.02147e-03     2.53413e+02
    1.02953e-03     2.55279e+02
    1.03766e-03     2.57160e+02
    1.04585e-03     2.59053e+02
    1.05410e-03     2.60957e+02
    1.06242e-03     2.62876e+02
    1.07080e-03     2.64806e+02
    1.07925e-03     2.66751e+02
    1.08777e-03     2.68710e+02
    1.09635e-03     2.70681e+02
    1.10500e-03     2.72666e+02
    1.11372e-03     2.74664e+02
    1.12251e-03     2.76677e+02
    1.13137e-03     2.78703e+02
    1.14030e-03     2.80743e+02
    1.14930e-03     2.82797e+02
    1.15837e-03     2.84865e+02
    1.16751e-03     2.86947e+02
    1.17672e-03     2.89042e+02
    1.18601e-03     2.91153e+02
    1.19537e-03     2.93277e+02
    1.20480e-03     2.95415e+02
    1.21431e-03     2.97568e+02
    1.22389e-03     2.99735e+02
    1.23355e-03     3.01917e+02
    1.24328e-03     3.04112e+02
    1.25309e-03     3.06324e+02
    1.26298e-03     3.08550e+02
    1.27295e-03     3.10791e+02
    1.28299e-03     3.13046e+02
    1.29312e-03     3.15317e+02
    1.30332e-03     3.17602e+02
    1.31360e-03     3.19902e+02
    1.32397e-03     3.22218e+02
    1.33442e-03     3.24550e+02
    1.34495e-03     3.26896e+02
    1.35556e-03     3.29257e+02
    1.36626e-03     3.31635e+02
    1.37704e-03     3.34028e+02
    1.38791e-03     3.36436e+02
    1.39886e-03     3.38860e+02
    1.40990e-03     3.41300e+02
    1.42102e-03     3.43755e+02
    1.43224e-03     3.46228e+02
    1.44354e-03     3.48715e+02
    1.45493e-03     3.51218e+02
    1.46641e-03     3.53738e+02
    1.47798e-03     3.56273e+02
    1.48965e-03     3.58828e+02
    1.50140e-03     3.61395e+02
    1.51325e-03     3.63981e+02
    1.52519e-03     3.66582e+02
    1.53723e-03     3.69201e+02
    1.54936e-03     3.71837e+02
    1.56158e-03     3.74486e+02
    1.57391e-03     3.77156e+02
    1.58633e-03     3.79842e+02
    1.59884e-03     3.82542e+02
    1.61146e-03     3.85262e+02
    1.62418e-03     3.87999e+02
    1.63699e-03     3.90751e+02
    1.64991e-03     3.93522e+02
    1.66293e-03     3.96310e+02
    1.67605e-03     3.99114e+02
    1.68928e-03     4.01938e+02
    1.70261e-03     4.04777e+02
    1.71605e-03     4.07636e+02
    1.72959e-03     4.10510e+02
    1.74324e-03     4.13403e+02
    1.75699e-03     4.16312e+02
    1.77086e-03     4.19241e+02
    1.78483e-03     4.22185e+02
    1.79892e-03     4.25150e+02
    1.81311e-03     4.28131e+02
    1.82742e-03     4.31130e+02
    1.84184e-03     4.34148e+02
    1.85637e-03     4.37182e+02
    1.87102e-03     4.40236e+02
    1.88579e-03     4.43309e+02
    1.90067e-03     4.46399e+02
    1.91567e-03     4.49508e+02
    1.93078e-03     4.52633e+02
    1.94602e-03     4.55780e+02
    1.96138e-03     4.58944e+02
    1.97686e-03     4.62127e+02
    1.99246e-03     4.65328e+02
    2.00818e-03     4.68547e+02
    2.02402e-03     4.71783e+02
    2.04000e-03     4.75043e+02
    2.05609e-03     4.78316e+02
    2.07232e-03     4.81612e+02
    2.08867e-03     4.84924e+02
    2.10516e-03     4.88258e+02
    2.12177e-03     4.91609e+02
    2.13851e-03     4.94978e+02
    2.15539e-03     4.98369e+02
    2.17240e-03     5.01776e+02
    2.18954e-03     5.05203e+02
    2.20682e-03     5.08649e+02
    2.22423e-03     5.12114e+02
    2.24178e-03     5.15597e+02
    2.25947e-03     5.19101e+02
    2.27730e-03     5.22624e+02
    2.29527e-03     5.26165e+02
    2.31339e-03     5.29728e+02
    2.33164e-03     5.33307e+02
    2.35004e-03     5.36908e+02
    2.36859e-03     5.40528e+02
    2.38728e-03     5.44166e+02
    2.40612e-03     5.47825e+02
    2.42510e-03     5.51501e+02
    2.44424e-03     5.55199e+02
    2.46353e-03     5.58916e+02
    2.48297e-03     5.62652e+02
    2.50256e-03     5.66406e+02
    2.52231e-03     5.70181e+02
    2.54221e-03     5.73976e+02
    2.56227e-03     5.77789e+02
    2.58249e-03     5.81624e+02
    2.60287e-03     5.85477e+02
    2.62341e-03     5.89350e+02
    2.64411e-03     5.93242e+02
    2.66498e-03     5.97155e+02
    2.68601e-03     6.01087e+02
    2.70721e-03     6.05038e+02
    2.72857e-03     6.09008e+02
    2.75010e-03     6.12998e+02
    2.77180e-03     6.17007e+02
    2.79368e-03     6.21038e+02
    2.81572e-03     6.25085e+02
    2.83794e-03     6.29154e+02
    2.86034e-03     6.33242e+02
    2.88291e-03     6.37349e+02
    2.90566e-03     6.41475e+02
    2.92859e-03     6.45622e+02
    2.95170e-03     6.49787e+02
    2.97499e-03     6.53972e+02
    2.99846e-03     6.58174e+02
    3.02213e-03     6.62399e+02
    3.04597e-03     6.66640e+02
    3.07001e-03     6.70902e+02
    3.09424e-03     6.75183e+02
    3.11865e-03     6.79482e+02
    3.14326e-03     6.83802e+02
    3.16807e-03     6.88141e+02
    3.19307e-03     6.92497e+02
    3.21827e-03     6.96874e+02
    3.24366e-03     7.01267e+02
    3.26926e-03     7.05681e+02
    3.29506e-03     7.10113e+02
    3.32106e-03     7.14563e+02
    3.34727e-03     7.19033e+02
    3.37368e-03     7.23520e+02
    3.40030e-03     7.28025e+02
    3.42713e-03     7.32549e+02
    3.45418e-03     7.37092e+02
    3.48144e-03     7.41655e+02
    3.50891e-03     7.46232e+02
    3.53660e-03     7.50830e+02
    3.56451e-03     7.55446e+02
    3.59264e-03     7.60079e+02
    3.62099e-03     7.64730e+02
    3.64956e-03     7.69398e+02
    3.67836e-03     7.74086e+02
    3.70739e-03     7.78790e+02
    3.73664e-03     7.83510e+02
    3.76613e-03     7.88249e+02
    3.79585e-03     7.93007e+02
    3.82580e-03     7.97780e+02
    3.85599e-03     8.02569e+02
    3.88642e-03     8.07377e+02
    3.91709e-03     8.12201e+02
    3.94800e-03     8.17041e+02
    3.97915e-03     8.21896e+02
    4.01055e-03     8.26769e+02
    4.04220e-03     8.31658e+02
    4.07410e-03     8.36563e+02
    4.10625e-03     8.41485e+02
    4.13865e-03     8.46420e+02
    4.17131e-03     8.51371e+02
    4.20423e-03     8.56338e+02
    4.23741e-03     8.61320e+02
    4.27084e-03     8.66314e+02
    4.30455e-03     8.71328e+02
    4.33851e-03     8.76352e+02
    4.37275e-03     8.81392e+02
    4.40726e-03     8.86449e+02
    4.44203e-03     8.91516e+02
    4.47709e-03     8.96598e+02
    4.51242e-03     9.01695e+02
    4.54803e-03     9.06805e+02
    4.58392e-03     9.11929e+02
    4.62009e-03     9.17065e+02
    4.65655e-03     9.22213e+02
    4.69329e-03     9.27374e+02
    4.73033e-03     9.32548e+02
    4.76766e-03     9.37732e+02
    4.80528e-03     9.42930e+02
    4.84320e-03     9.48139e+02
    4.88142e-03     9.53359e+02
    4.91994e-03     9.58590e+02
    4.95876e-03     9.63831e+02
    4.99789e-03     9.69083e+02
    5.03733e-03     9.74346e+02
    5.07708e-03     9.79621e+02
    5.11715e-03     9.84904e+02
    5.15753e-03     9.90196e+02
    5.19823e-03     9.95497e+02
    5.23925e-03     1.00081e+03
    5.28059e-03     1.00613e+03
    5.32226e-03     1.01146e+03
    5.36426e-03     1.01679e+03
    5.40659e-03     1.02214e+03
    5.44926e-03     1.02749e+03
    5.49226e-03     1.03285e+03
    5.53560e-03     1.03822e+03
    5.57928e-03     1.04360e+03
    5.62331e-03     1.04898e+03
    5.66768e-03     1.05436e+03
    5.71241e-03     1.05976e+03
    5.75748e-03     1.06515e+03
    5.80292e-03     1.07055e+03
    5.84871e-03     1.07596e+03
    5.89486e-03     1.08137e+03
    5.94138e-03     1.08678e+03
    5.98827e-03     1.09219e+03
    6.03552e-03     1.09761e+03
    6.08315e-03     1.10303e+03
    6.13115e-03     1.10844e+03
    6.17953e-03     1.11386e+03
    6.22830e-03     1.11928e+03
    6.27745e-03     1.12470e+03
    6.32698e-03     1.13012e+03
    6.37691e-03     1.13554e+03
    6.42723e-03     1.14096e+03
    6.47795e-03     1.14638e+03
    6.52907e-03     1.15180e+03
    6.58059e-03     1.15721e+03
    6.63252e-03     1.16262e+03
    6.68486e-03     1.16803e+03
    6.73761e-03     1.17344e+03
    6.79078e-03     1.17884e+03
    6.84437e-03     1.18424e+03
    6.89838e-03     1.18963e+03
    6.95281e-03     1.19501e+03
    7.00768e-03     1.20039e+03
    7.06298e-03     1.20577e+03
    7.11872e-03     1.21113e+03
    7.17489e-03     1.21649e+03
    7.23151e-03     1.22183e+03
    7.28857e-03     1.22717e+03
    7.34609e-03     1.23250e+03
    7.40406e-03     1.23782e+03
    7.46249e-03     1.24312e+03
    7.52138e-03     1.24842e+03
    7.58073e-03     1.25370e+03
    7.64055e-03     1.25896e+03
    7.70084e-03     1.26422e+03
    7.76161e-03     1.26946e+03
    7.82286e-03     1.27468e+03
    7.88459e-03     1.27990e+03
    7.94681e-03     1.28510e+03
    8.00952e-03     1.29027e+03
    8.07273e-03     1.29544e+03
    8.13643e-03     1.30059e+03
    8.20064e-03     1.30572e+03
    8.26535e-03     1.31083e+03
    8.33057e-03     1.31592e+03
    8.39631e-03     1.32100e+03
    8.46257e-03     1.32605e+03
    8.52935e-03     1.33108e+03
    8.59666e-03     1.33609e+03
    8.66449e-03     1.34107e+03
    8.73287e-03     1.34603e+03
    8.80178e-03     1.35097e+03
    8.87124e-03     1.35588e+03
    8.94124e-03     1.36076e+03
    9.01180e-03     1.36562e+03
    9.08291e-03     1.37045e+03
    9.15459e-03     1.37525e+03
    9.22683e-03     1.38002e+03
    9.29964e-03     1.38477e+03
    9.37303e-03     1.38948e+03
    9.44699e-03     1.39416e+03
    9.52154e-03     1.39880e+03
    9.59667e-03     1.40342e+03
    9.67240e-03     1.40800e+03
    9.74873e-03     1.41254e+03
    9.82566e-03     1.41705e+03
    9.90320e-03     1.42152e+03
    9.98135e-03     1.42595e+03
    1.00601e-02     1.43035e+03
    1.01395e-02     1.43471e+03
    1.02195e-02     1.43902e+03
    1.03002e-02     1.44331e+03
    1.03814e-02     1.44753e+03
    1.04634e-02     1.45173e+03
    1.05459e-02     1.45587e+03
    1.06291e-02     1.45997e+03
    1.07130e-02     1.46403e+03
    1.07976e-02     1.46804e+03
    1.08828e-02     1.47200e+03
    1.09686e-02     1.47591e+03
    1.10552e-02     1.47977e+03
    1.11424e-02     1.48358e+03
    1.12304e-02     1.48735e+03
    1.13190e-02     1.49106e+03
    1.14083e-02     1.49471e+03
    1.14983e-02     1.49831e+03
    1.15891e-02     1.50186e+03
    1.16805e-02     1.50535e+03
    1.17727e-02     1.50878e+03
    1.18656e-02     1.51215e+03
    1.19592e-02     1.51546e+03
    1.20536e-02     1.51872e+03
    1.21487e-02     1.52191e+03
    1.22446e-02     1.52505e+03
    1.23412e-02     1.52812e+03
    1.24386e-02     1.53112e+03
    1.25368e-02     1.53407e+03
    1.26357e-02     1.53694e+03
    1.27354e-02     1.53974e+03
    1.28359e-02     1.54248e+03
    1.29372e-02     1.54515e+03
    1.30393e-02     1.54774e+03
    1.31422e-02     1.55027e+03
    1.32459e-02     1.55272e+03
    1.33504e-02     1.55510e+03
    1.34558e-02     1.55741e+03
    1.35619e-02     1.55962e+03
    1.36690e-02     1.56178e+03
    1.37768e-02     1.56385e+03
    1.38855e-02     1.56584e+03
    1.39951e-02     1.56775e+03
    1.41056e-02     1.56959e+03
    1.42169e-02     1.57134e+03
    1.43291e-02     1.57301e+03
    1.44421e-02     1.57458e+03
    1.45561e-02     1.57608e+03
    1.46710e-02     1.57749e+03
    1.47867e-02     1.57881e+03
    1.49034e-02     1.58004e+03
    1.50210e-02     1.58118e+03
    1.51396e-02     1.58224e+03
    1.52590e-02     1.58320e+03
    1.53794e-02     1.58406e+03
    1.55008e-02     1.58484e+03
    1.56231e-02     1.58552e+03
    1.57464e-02     1.58611e+03
    1.58707e-02     1.58660e+03
    1.59959e-02     1.58699e+03
    1.61221e-02     1.58728e+03
    1.62494e-02     1.58748e+03
    1.63776e-02     1.58757e+03
    1.65068e-02     1.58756e+03
    1.66371e-02     1.58745e+03
    1.67684e-02     1.58724e+03
    1.69007e-02     1.58692e+03
    1.70341e-02     1.58650e+03
    1.71685e-02     1.58598e+03
    1.73040e-02     1.58535e+03
    1.74405e-02     1.58460e+03
    1.75781e-02     1.58375e+03
    1.77168e-02     1.58280e+03
    1.78567e-02     1.58174e+03
    1.79976e-02     1.58056e+03
    1.81396e-02     1.57927e+03
    1.82827e-02     1.57787e+03
    1.84270e-02     1.57637e+03
    1.85724e-02     1.57474e+03
    1.87190e-02     1.57301e+03
    1.88667e-02     1.57116e+03
    1.90156e-02     1.56920e+03
    1.91656e-02     1.56712e+03
    1.93169e-02     1.56494e+03
    1.94693e-02     1.56263e+03
    1.96229e-02     1.56020e+03
    1.97778e-02     1.55767e+03
    1.99339e-02     1.55502e+03
    2.00912e-02     1.55225e+03
    2.02497e-02     1.54936e+03
    2.04095e-02     1.54636e+03
    2.05705e-02     1.54323e+03
    2.07329e-02     1.54000e+03
    2.08965e-02     1.53665e+03
    2.10614e-02     1.53318e+03
    2.12276e-02     1.52959e+03
    2.13951e-02     1.52589e+03
    2.15639e-02     1.52206e+03
    2.17341e-02     1.51813e+03
    2.19056e-02     1.51408e+03
    2.20785e-02     1.50991e+03
    2.22527e-02     1.50562e+03
    2.24283e-02     1.50123e+03
    2.26053e-02     1.49672e+03
    2.27837e-02     1.49209e+03
    2.29635e-02     1.48735e+03
    2.31447e-02     1.48250e+03
    2.33273e-02     1.47752e+03
    2.35114e-02     1.47245e+03
    2.36969e-02     1.46726e+03
    2.38839e-02     1.46195e+03
    2.40724e-02     1.45655e+03
    2.42623e-02     1.45103e+03
    2.44538e-02     1.44540e+03
    2.46468e-02     1.43967e+03
    2.48413e-02     1.43384e+03
    2.50373e-02     1.42790e+03
    2.52349e-02     1.42186e+03
    2.54340e-02     1.41571e+03
    2.56347e-02     1.40947e+03
    2.58370e-02     1.40313e+03
    2.60409e-02     1.39670e+03
    2.62464e-02     1.39017e+03
    2.64535e-02     1.38355e+03
    2.66622e-02     1.37684e+03
    2.68726e-02     1.37004e+03
    2.70847e-02     1.36315e+03
    2.72984e-02     1.35618e+03
    2.75139e-02     1.34913e+03
    2.77310e-02     1.34199e+03
    2.79498e-02     1.33478e+03
    2.81704e-02     1.32749e+03
    2.83927e-02     1.32013e+03
    2.86167e-02     1.31270e+03
    2.88425e-02     1.30519e+03
    2.90701e-02     1.29762e+03
    2.92995e-02     1.28999e+03
    2.95307e-02     1.28230e+03
    2.97638e-02     1.27455e+03
    2.99986e-02     1.26674e+03
    3.02354e-02     1.25889e+03
    3.04740e-02     1.25098e+03
    3.07144e-02     1.24302e+03
    3.09568e-02     1.23502e+03
    3.12011e-02     1.22698e+03
    3.14473e-02     1.21890e+03
    3.16955e-02     1.21079e+03
    3.19456e-02     1.20264e+03
    3.21977e-02     1.19447e+03
    3.24518e-02     1.18627e+03
    3.27078e-02     1.17805e+03
    3.29659e-02     1.16982e+03
    3.32261e-02     1.16157e+03
    3.34883e-02     1.15331e+03
    3.37525e-02     1.14504e+03
    3.40189e-02     1.13676e+03
    3.42873e-02     1.12849e+03
    3.45579e-02     1.12022e+03
    3.48306e-02     1.11195e+03
    3.51055e-02     1.10370e+03
    3.53825e-02     1.09545e+03
    3.56617e-02     1.08722e+03
    3.59431e-02     1.07901e+03
    3.62268e-02     1.07083e+03
    3.65126e-02     1.06267e+03
    3.68008e-02     1.05455e+03
    3.70912e-02     1.04646e+03
    3.73839e-02     1.03840e+03
    3.76789e-02     1.03038e+03
    3.79762e-02     1.02241e+03
    3.82759e-02     1.01449e+03
    3.85779e-02     1.00661e+03
    3.88823e-02     9.98791e+02
    3.91892e-02     9.91029e+02
    3.94984e-02     9.83325e+02
    3.98101e-02     9.75684e+02
    4.01243e-02     9.68106e+02
    4.04409e-02     9.60600e+02
    4.07600e-02     9.53163e+02
    4.10817e-02     9.45803e+02
    4.14059e-02     9.38511e+02
    4.17326e-02     9.31305e+02
    4.20619e-02     9.24176e+02
    4.23938e-02     9.17130e+02
    4.27284e-02     9.10168e+02
    4.30656e-02     9.03295e+02
    4.34054e-02     8.96516e+02
    4.37479e-02     8.89821e+02
    4.40931e-02     8.83223e+02
    4.44411e-02     8.76723e+02
    4.47918e-02     8.70313e+02
    4.51452e-02     8.64000e+02
    4.55015e-02     8.57786e+02
    4.58606e-02     8.51671e+02
    4.62225e-02     8.45654e+02
    4.65872e-02     8.39735e+02
    4.69548e-02     8.33916e+02
    4.73254e-02     8.28199e+02
    4.76988e-02     8.22580e+02
    4.80752e-02     8.17064e+02
    4.84546e-02     8.11648e+02
    4.88370e-02     8.06329e+02
    4.92223e-02     8.01110e+02
    4.96108e-02     7.95991e+02
    5.00023e-02     7.90962e+02
    5.03968e-02     7.86034e+02
    5.07945e-02     7.81195e+02
    5.11954e-02     7.76449e+02
    5.15994e-02     7.71789e+02
    5.20065e-02     7.67216e+02
    5.24169e-02     7.62731e+02
    5.28306e-02     7.58325e+02
    5.32475e-02     7.54000e+02
    5.36676e-02     7.49752e+02
    5.40912e-02     7.45572e+02
    5.45180e-02     7.41462e+02
    5.49482e-02     7.37420e+02
    5.53818e-02     7.33439e+02
    5.58188e-02     7.29514e+02
    5.62593e-02     7.25639e+02
    5.67033e-02     7.21815e+02
    5.71507e-02     7.18028e+02
    5.76017e-02     7.14281e+02
    5.80563e-02     7.10574e+02
    5.85144e-02     7.06888e+02
    5.89762e-02     7.03230e+02
    5.94416e-02     6.99588e+02
    5.99106e-02     6.95955e+02
    6.03834e-02     6.92328e+02
    6.08599e-02     6.88699e+02
    6.13401e-02     6.85055e+02
    6.18242e-02     6.81405e+02
    6.23121e-02     6.77742e+02
    6.28038e-02     6.74047e+02
    6.32994e-02     6.70327e+02
    6.37989e-02     6.66569e+02
    6.43023e-02     6.62768e+02
    6.48098e-02     6.58918e+02
    6.53212e-02     6.55011e+02
    6.58367e-02     6.51043e+02
    6.63562e-02     6.47007e+02
    6.68798e-02     6.42903e+02
    6.74076e-02     6.38725e+02
    6.79395e-02     6.34468e+02
    6.84756e-02     6.30130e+02
    6.90160e-02     6.25695e+02
    6.95606e-02     6.21161e+02
    7.01095e-02     6.16536e+02
    7.06628e-02     6.11814e+02
    7.12204e-02     6.06987e+02
    7.17824e-02     6.02058e+02
    7.23489e-02     5.97020e+02
    7.29198e-02     5.91885e+02
    7.34952e-02     5.86637e+02
    7.40752e-02     5.81281e+02
    7.46597e-02     5.75818e+02
    7.52489e-02     5.70249e+02
    7.58427e-02     5.64580e+02
    7.64412e-02     5.58813e+02
    7.70444e-02     5.52942e+02
    7.76524e-02     5.46981e+02
    7.82651e-02     5.40929e+02
    7.88827e-02     5.34783e+02
    7.95052e-02     5.28567e+02
    8.01326e-02     5.22271e+02
    8.07650e-02     5.15907e+02
    8.14023e-02     5.09483e+02
    8.20447e-02     5.02999e+02
    8.26921e-02     4.96476e+02
    8.33446e-02     4.89913e+02
    8.40023e-02     4.83318e+02
    8.46652e-02     4.76710e+02
    8.53333e-02     4.70090e+02
    8.60067e-02     4.63470e+02
    8.66854e-02     4.56863e+02
    8.73694e-02     4.50276e+02
    8.80589e-02     4.43721e+02
    8.87538e-02     4.37204e+02
    8.94542e-02     4.30743e+02
    9.01601e-02     4.24351e+02
    9.08715e-02     4.18026e+02
    9.15886e-02     4.11786e+02
    9.23114e-02     4.05644e+02
    9.30398e-02     3.99598e+02
    9.37740e-02     3.93660e+02
    9.45140e-02     3.87841e+02
    9.52598e-02     3.82145e+02
    9.60116e-02     3.76584e+02
    9.67692e-02     3.71168e+02
    9.75328e-02     3.65907e+02
    9.83025e-02     3.60800e+02
    9.90782e-02     3.55847e+02
    9.98601e-02     3.51064e+02
    1.00648e-01     3.46437e+02
    1.01442e-01     3.41977e+02
    1.02243e-01     3.37692e+02
    1.03050e-01     3.33577e+02
    1.03863e-01     3.29632e+02
    1.04682e-01     3.25860e+02
    1.05508e-01     3.22259e+02
    1.06341e-01     3.18817e+02
    1.07180e-01     3.15536e+02
    1.08026e-01     3.12412e+02
    1.08878e-01     3.09432e+02
    1.09738e-01     3.06601e+02
    1.10604e-01     3.03908e+02
    1.11476e-01     3.01335e+02
    1.12356e-01     2.98889e+02
    1.13243e-01     2.96545e+02
    1.14136e-01     2.94300e+02
    1.15037e-01     2.92144e+02
    1.15945e-01     2.90057e+02
    1.16860e-01     2.88033e+02
    1.17782e-01     2.86058e+02
    1.18711e-01     2.84120e+02
    1.19648e-01     2.82205e+02
    1.20592e-01     2.80300e+02
    1.21544e-01     2.78390e+02
    1.22503e-01     2.76464e+02
    1.23470e-01     2.74501e+02
    1.24444e-01     2.72493e+02
    1.25426e-01     2.70437e+02
    1.26416e-01     2.68316e+02
    1.27413e-01     2.66120e+02
    1.28419e-01     2.63842e+02
    1.29432e-01     2.61466e+02
    1.30454e-01     2.58990e+02
    1.31483e-01     2.56408e+02
    1.32521e-01     2.53721e+02
    1.33566e-01     2.50925e+02
    1.34620e-01     2.48021e+02
    1.35683e-01     2.45006e+02
    1.36753e-01     2.41880e+02
    1.37833e-01     2.38655e+02
    1.38920e-01     2.35333e+02
    1.40017e-01     2.31928e+02
    1.41121e-01     2.28443e+02
    1.42235e-01     2.24892e+02
    1.43357e-01     2.21284e+02
    1.44489e-01     2.17635e+02
    1.45629e-01     2.13956e+02
    1.46778e-01     2.10264e+02
    1.47936e-01     2.06573e+02
    1.49104e-01     2.02900e+02
    1.50280e-01     1.99258e+02
    1.51466e-01     1.95661e+02
    1.52661e-01     1.92124e+02
    1.53866e-01     1.88661e+02
    1.55080e-01     1.85286e+02
    1.56304e-01     1.82013e+02
    1.57538e-01     1.78848e+02
    1.58781e-01     1.75799e+02
    1.60034e-01     1.72876e+02
    1.61297e-01     1.70087e+02
    1.62569e-01     1.67435e+02
    1.63852e-01     1.64925e+02
    1.65145e-01     1.62553e+02
    1.66448e-01     1.60318e+02
    1.67762e-01     1.58223e+02
    1.69086e-01     1.56260e+02
    1.70420e-01     1.54424e+02
    1.71765e-01     1.52705e+02
    1.73120e-01     1.51093e+02
    1.74486e-01     1.49578e+02
    1.75863e-01     1.48151e+02
    1.77251e-01     1.46796e+02
    1.78650e-01     1.45500e+02
    1.80060e-01     1.44248e+02
    1.81481e-01     1.43025e+02
    1.82913e-01     1.41815e+02
    1.84356e-01     1.40608e+02
    1.85811e-01     1.39386e+02
    1.87277e-01     1.38136e+02
    1.88755e-01     1.36845e+02
    1.90244e-01     1.35504e+02
    1.91746e-01     1.34106e+02
    1.93259e-01     1.32639e+02
    1.94784e-01     1.31099e+02
    1.96321e-01     1.29483e+02
    1.97870e-01     1.27793e+02
    1.99432e-01     1.26030e+02
    2.01005e-01     1.24195e+02
    2.02592e-01     1.22296e+02
    2.04190e-01     1.20341e+02
    2.05802e-01     1.18342e+02
    2.07426e-01     1.16308e+02
    2.09062e-01     1.14250e+02
    2.10712e-01     1.12185e+02
    2.12375e-01     1.10124e+02
    2.14051e-01     1.08083e+02
    2.15740e-01     1.06074e+02
    2.17442e-01     1.04108e+02
    2.19158e-01     1.02199e+02
    2.20888e-01     1.00357e+02
    2.22631e-01     9.85895e+01
    2.24388e-01     9.69021e+01
    2.26158e-01     9.53017e+01
    2.27943e-01     9.37916e+01
    2.29742e-01     9.23695e+01
    2.31555e-01     9.10343e+01
    2.33382e-01     8.97834e+01
    2.35224e-01     8.86106e+01
    2.37080e-01     8.75079e+01
    2.38951e-01     8.64668e+01
    2.40836e-01     8.54778e+01
    2.42737e-01     8.45300e+01
    2.44652e-01     8.36109e+01
    2.46583e-01     8.27090e+01
    2.48529e-01     8.18135e+01
    2.50490e-01     8.09136e+01
    2.52467e-01     7.99980e+01
    2.54459e-01     7.90593e+01
    2.56467e-01     7.80916e+01
    2.58491e-01     7.70882e+01
    2.60530e-01     7.60464e+01
    2.62586e-01     7.49666e+01
    2.64658e-01     7.38500e+01
    2.66747e-01     7.26993e+01
    2.68852e-01     7.15209e+01
    2.70973e-01     7.03205e+01
    2.73112e-01     6.91067e+01
    2.75267e-01     6.78881e+01
    2.77439e-01     6.66748e+01
    2.79628e-01     6.54755e+01
    2.81835e-01     6.42994e+01
    2.84059e-01     6.31547e+01
    2.86301e-01     6.20484e+01
    2.88560e-01     6.09852e+01
    2.90837e-01     5.99690e+01
    2.93132e-01     5.90025e+01
    2.95445e-01     5.80851e+01
    2.97777e-01     5.72158e+01
    3.00127e-01     5.63909e+01
    3.02495e-01     5.56058e+01
    3.04882e-01     5.48545e+01
    3.07288e-01     5.41303e+01
    3.09713e-01     5.34259e+01
    3.12157e-01     5.27341e+01
    3.14620e-01     5.20475e+01
    3.17103e-01     5.13595e+01
    3.19605e-01     5.06649e+01
    3.22127e-01     4.99595e+01
    3.24669e-01     4.92401e+01
    3.27231e-01     4.85064e+01
    3.29813e-01     4.77576e+01
    3.32416e-01     4.69961e+01
    3.35039e-01     4.62253e+01
    3.37683e-01     4.54491e+01
    3.40348e-01     4.46726e+01
    3.43034e-01     4.39010e+01
    3.45741e-01     4.31397e+01
    3.48469e-01     4.23938e+01
    3.51219e-01     4.16681e+01
    3.53990e-01     4.09645e+01
    3.56784e-01     4.02866e+01
    3.59599e-01     3.96343e+01
    3.62437e-01     3.90082e+01
    3.65297e-01     3.84067e+01
    3.68179e-01     3.78270e+01
    3.71085e-01     3.72664e+01
    3.74013e-01     3.67206e+01
    3.76965e-01     3.61860e+01
    3.79939e-01     3.56581e+01
    3.82937e-01     3.51335e+01
    3.85959e-01     3.46095e+01
    3.89005e-01     3.40835e+01
    3.92075e-01     3.35549e+01
    3.95169e-01     3.30232e+01
    3.98287e-01     3.24887e+01
    4.01430e-01     3.19533e+01
    4.04598e-01     3.14191e+01
    4.07791e-01     3.08887e+01
    4.11009e-01     3.03649e+01
    4.14252e-01     2.98505e+01
    4.17521e-01     2.93469e+01
    4.20816e-01     2.88567e+01
    4.24136e-01     2.83800e+01
    4.27483e-01     2.79177e+01
    4.30857e-01     2.74691e+01
    4.34257e-01     2.70331e+01
    4.37683e-01     2.66077e+01
    4.41137e-01     2.61914e+01
    4.44618e-01     2.57822e+01
    4.48127e-01     2.53782e+01
    4.51663e-01     2.49779e+01
    4.55227e-01     2.45795e+01
    4.58820e-01     2.41831e+01
    4.62440e-01     2.37882e+01
    4.66090e-01     2.33958e+01
    4.69768e-01     2.30059e+01
    4.73475e-01     2.26198e+01
    4.77211e-01     2.22386e+01
    4.80977e-01     2.18641e+01
    4.84772e-01     2.14964e+01
    4.88598e-01     2.11370e+01
    4.92453e-01     2.07858e+01
    4.96339e-01     2.04426e+01
    5.00256e-01     2.01070e+01
    5.04204e-01     1.97785e+01
    5.08182e-01     1.94562e+01
    5.12193e-01     1.91391e+01
    5.16234e-01     1.88261e+01
    5.20308e-01     1.85168e+01
    5.24414e-01     1.82109e+01
    5.28552e-01     1.79080e+01
    5.32723e-01     1.76082e+01
    5.36927e-01     1.73120e+01
    5.41164e-01     1.70198e+01
    5.45435e-01     1.67318e+01
    5.49739e-01     1.64482e+01
    5.54077e-01     1.61691e+01
    5.58449e-01     1.58941e+01
    5.62856e-01     1.56239e+01
    5.67298e-01     1.53580e+01
    5.71774e-01     1.50965e+01
    5.76286e-01     1.48393e+01
    5.80834e-01     1.45865e+01
    5.85417e-01     1.43381e+01
    5.90037e-01     1.40936e+01
    5.94693e-01     1.38538e+01
    5.99386e-01     1.36181e+01
    6.04116e-01     1.33865e+01
    6.08883e-01     1.31589e+01
    6.13688e-01     1.29354e+01
    6.18531e-01     1.27159e+01
    6.23412e-01     1.25003e+01
    6.28331e-01     1.22884e+01
    6.33289e-01     1.20804e+01
    6.38287e-01     1.18759e+01
    6.43324e-01     1.16750e+01
    6.48400e-01     1.14775e+01
    6.53517e-01     1.12834e+01
    6.58674e-01     1.10925e+01
    6.63872e-01     1.09046e+01
    6.69110e-01     1.07197e+01
    6.74391e-01     1.05377e+01
    6.79712e-01     1.03583e+01
    6.85076e-01     1.01815e+01
    6.90482e-01     1.00072e+01
    6.95931e-01     9.83547e+00
    7.01423e-01     9.66621e+00
    7.06958e-01     9.49950e+00
    7.12536e-01     9.33531e+00
    7.18159e-01     9.17367e+00
    7.23826e-01     9.01455e+00
    7.29538e-01     8.85794e+00
    7.35295e-01     8.70387e+00
    7.41098e-01     8.55229e+00
    7.46946e-01     8.40321e+00
    7.52840e-01     8.25658e+00
    7.58781e-01     8.11242e+00
    7.64769e-01     7.97070e+00
    7.70804e-01     7.83137e+00
    7.76886e-01     7.69440e+00
    7.83017e-01     7.55979e+00
    7.89196e-01     7.42751e+00
    7.95423e-01     7.29746e+00
    8.01700e-01     7.16968e+00
    8.08027e-01     7.04407e+00
    8.14403e-01     6.92060e+00
    8.20830e-01     6.79921e+00
    8.27307e-01     6.67987e+00
    8.33835e-01     6.56247e+00
    8.40415e-01     6.44701e+00
    8.47047e-01     6.33340e+00
    8.53732e-01     6.22158e+00
    8.60468e-01     6.11149e+00
    8.67259e-01     6.00315e+00
    8.74102e-01     5.89655e+00
    8.81000e-01     5.79170e+00
    8.87952e-01     5.68859e+00
    8.94959e-01     5.58721e+00
    9.02022e-01     5.48756e+00
    9.09140e-01     5.38962e+00
    9.16314e-01     5.29338e+00
    9.23545e-01     5.19885e+00
    9.30833e-01     5.10598e+00
    9.38178e-01     5.01479e+00
    9.45581e-01     4.92522e+00
    9.53043e-01     4.83727e+00
    9.60564e-01     4.75094e+00
    9.68144e-01     4.66616e+00
    9.75784e-01     4.58294e+00
    9.83484e-01     4.50123e+00
    9.91245e-01     4.42101e+00
    9.99067e-01     4.34224e+00
    1.00695e+00     4.26489e+00
    1.01490e+00     4.18892e+00
    1.02291e+00     4.11428e+00
    1.03098e+00     4.04093e+00
    1.03911e+00     3.96881e+00
    1.04731e+00     3.89793e+00
    1.05558e+00     3.82822e+00
    1.06391e+00     3.75958e+00
    1.07230e+00     3.69202e+00
    1.08076e+00     3.62550e+00
    1.08929e+00     3.56007e+00
    1.09789e+00     3.49570e+00
    1.10655e+00     3.43237e+00
    1.11528e+00     3.37011e+00
    1.12409e+00     3.30893e+00
    1.13296e+00     3.24878e+00
    1.14190e+00     3.18966e+00
    1.15091e+00     3.13157e+00
    1.15999e+00     3.07452e+00
    1.16914e+00     3.01849e+00
    1.17837e+00     2.96348e+00
    1.18767e+00     2.90947e+00
    1.19704e+00     2.85644e+00
    1.20649e+00     2.80438e+00
    1.21601e+00     2.75327e+00
    1.22560e+00     2.70309e+00
    1.23527e+00     2.65386e+00
    1.24502e+00     2.60553e+00
    1.25485e+00     2.55808e+00
    1.26475e+00     2.51148e+00
    1.27473e+00     2.46573e+00
    1.28479e+00     2.42080e+00
    1.29493e+00     2.37665e+00
    1.30515e+00     2.33328e+00
    1.31544e+00     2.29061e+00
    1.32583e+00     2.24869e+00
    1.33629e+00     2.20742e+00
    1.34683e+00     2.16683e+00
    1.35746e+00     2.12691e+00
    1.36817e+00     2.08765e+00
    1.37897e+00     2.04909e+00
    1.38985e+00     2.01117e+00
    1.40082e+00     1.97393e+00
    1.41187e+00     1.93734e+00
    1.42301e+00     1.90141e+00
    1.43424e+00     1.86613e+00
    1.44556e+00     1.83151e+00
    1.45697e+00     1.79753e+00
    1.46847e+00     1.76417e+00
    1.48005e+00     1.73143e+00
    1.49173e+00     1.69932e+00
    1.50351e+00     1.66782e+00
    1.51537e+00     1.63691e+00
    1.52733e+00     1.60658e+00
    1.53938e+00     1.57684e+00
    1.55153e+00     1.54766e+00
    1.56377e+00     1.51901e+00
    1.57611e+00     1.49091e+00
    1.58855e+00     1.46334e+00
    1.60108e+00     1.43626e+00
    1.61372e+00     1.40967e+00
    1.62645e+00     1.38357e+00
    1.63929e+00     1.35790e+00
    1.65222e+00     1.33267e+00
    1.66526e+00     1.30785e+00
    1.67840e+00     1.28345e+00
    1.69165e+00     1.25946e+00
    1.70500e+00     1.23587e+00
    1.71845e+00     1.21269e+00
    1.73201e+00     1.18990e+00
    1.74568e+00     1.16753e+00
    1.75945e+00     1.14555e+00
    1.77334e+00     1.12398e+00
    1.78733e+00     1.10280e+00
    1.80144e+00     1.08201e+00
    1.81565e+00     1.06160e+00
    1.82998e+00     1.04158e+00
    1.84442e+00     1.02195e+00
    1.85898e+00     1.00268e+00
    1.87365e+00     9.83795e-01
    1.88843e+00     9.65261e-01
    1.90333e+00     9.47085e-01
    1.91835e+00     9.29265e-01
    1.93349e+00     9.11785e-01
    1.94875e+00     8.94644e-01
    1.96413e+00     8.77827e-01
    1.97963e+00     8.61319e-01
    1.99525e+00     8.45131e-01
    2.01099e+00     8.29238e-01
    2.02686e+00     8.13628e-01
    2.04286e+00     7.98301e-01
    2.05898e+00     7.83251e-01
    2.07522e+00     7.68442e-01
    2.09160e+00     7.53880e-01
    2.10811e+00     7.39582e-01
    2.12474e+00     7.25510e-01
    2.14151e+00     7.11703e-01
    2.15841e+00     6.98132e-01
    2.17544e+00     6.84808e-01
    2.19261e+00     6.71732e-01
    2.20991e+00     6.58888e-01
    2.22735e+00     6.46288e-01
    2.24492e+00     6.33929e-01
    2.26264e+00     6.21802e-01
    2.28049e+00     6.09912e-01
    2.29849e+00     5.98240e-01
    2.31663e+00     5.86804e-01
    2.33491e+00     5.75591e-01
    2.35333e+00     5.64599e-01
    2.37190e+00     5.53820e-01
    2.39062e+00     5.43261e-01
    2.40949e+00     5.32901e-01
    2.42850e+00     5.22745e-01
    2.44766e+00     5.12785e-01
    2.46698e+00     5.03021e-01
    2.48645e+00     4.93440e-01
    2.50607e+00     4.84040e-01
    2.52584e+00     4.74815e-01
    2.54578e+00     4.65760e-01
    2.56587e+00     4.56865e-01
    2.58611e+00     4.48123e-01
    2.60652e+00     4.39531e-01
    2.62709e+00     4.31086e-01
    2.64782e+00     4.22788e-01
    2.66871e+00     4.14637e-01
    2.68977e+00     4.06633e-01
    2.71100e+00     3.98775e-01
    2.73239e+00     3.91061e-01
    2.75395e+00     3.83491e-01
    2.77569e+00     3.76065e-01
    2.79759e+00     3.68780e-01
    2.81967e+00     3.61636e-01
    2.84192e+00     3.54629e-01
    2.86434e+00     3.47760e-01
    2.88695e+00     3.41026e-01
    2.90973e+00     3.34427e-01
    2.93269e+00     3.27957e-01
    2.95583e+00     3.21616e-01
    2.97916e+00     3.15402e-01
    3.00267e+00     3.09311e-01
    3.02636e+00     3.03341e-01
    3.05024e+00     2.97490e-01
    3.07431e+00     2.91752e-01
    3.09857e+00     2.86127e-01
    3.12302e+00     2.80610e-01
    3.14767e+00     2.75197e-01
    3.17251e+00     2.69885e-01
    3.19754e+00     2.64670e-01
    3.22278e+00     2.59547e-01
    3.24821e+00     2.54512e-01
    3.27384e+00     2.49565e-01
    3.29967e+00     2.44705e-01
    3.32571e+00     2.39933e-01
    3.35196e+00     2.35247e-01
    3.37841e+00     2.30647e-01
    3.40507e+00     2.26133e-01
    3.43194e+00     2.21705e-01
    3.45902e+00     2.17361e-01
    3.48632e+00     2.13101e-01
    3.51383e+00     2.08924e-01
    3.54155e+00     2.04829e-01
    3.56950e+00     2.00816e-01
    3.59767e+00     1.96882e-01
    3.62606e+00     1.93027e-01
    3.65467e+00     1.89250e-01
    3.68351e+00     1.85548e-01
    3.71258e+00     1.81922e-01
    3.74188e+00     1.78370e-01
    3.77141e+00     1.74888e-01
    3.80117e+00     1.71477e-01
    3.83116e+00     1.68133e-01
    3.86140e+00     1.64856e-01
    3.89187e+00     1.61643e-01
    3.92258e+00     1.58491e-01
    3.95353e+00     1.55400e-01
    3.98473e+00     1.52366e-01
    4.01617e+00     1.49386e-01
    4.04787e+00     1.46459e-01
    4.07981e+00     1.43584e-01
    4.11200e+00     1.40759e-01
    4.14445e+00     1.37986e-01
    4.17716e+00     1.35264e-01
    4.21012e+00     1.32591e-01
    4.24334e+00     1.29969e-01
    4.27683e+00     1.27398e-01
    4.31058e+00     1.24875e-01
    4.34459e+00     1.22403e-01
    4.37888e+00     1.19978e-01
    4.41343e+00     1.17602e-01
    4.44826e+00     1.15273e-01
    4.48336e+00     1.12992e-01
    4.51874e+00     1.10756e-01
    4.55440e+00     1.08566e-01
    4.59034e+00     1.06421e-01
    4.62656e+00     1.04320e-01
    4.66307e+00     1.02261e-01
    4.69987e+00     1.00245e-01
    4.73696e+00     9.82693e-02
    4.77434e+00     9.63340e-02
    4.81201e+00     9.44373e-02
    4.84999e+00     9.25781e-02
    4.88826e+00     9.07557e-02
    4.92683e+00     8.89682e-02
    4.96571e+00     8.72144e-02
    5.00490e+00     8.54929e-02
    5.04439e+00     8.38027e-02
    5.08420e+00     8.21422e-02
    5.12432e+00     8.05110e-02
    5.16476e+00     7.89103e-02
    5.20551e+00     7.73386e-02
    5.24659e+00     7.57964e-02
    5.28799e+00     7.42835e-02
    5.32972e+00     7.27996e-02
    5.37178e+00     7.13447e-02
    5.41417e+00     6.99185e-02
    5.45689e+00     6.85207e-02
    5.49995e+00     6.71507e-02
    5.54335e+00     6.58082e-02
    5.58710e+00     6.44933e-02
    5.63119e+00     6.32049e-02
    5.67562e+00     6.19434e-02
    5.72041e+00     6.07078e-02
    5.76555e+00     5.94977e-02
    5.81105e+00     5.83125e-02
    5.85691e+00     5.71519e-02
    5.90312e+00     5.60153e-02
    5.94971e+00     5.49020e-02
    5.99666e+00     5.38109e-02
    6.04398e+00     5.27422e-02
    6.09167e+00     5.16948e-02
    6.13974e+00     5.06676e-02
    6.18819e+00     4.96600e-02
    6.23703e+00     4.86719e-02
    6.28624e+00     4.77011e-02
    6.33585e+00     4.67482e-02
    6.38585e+00     4.58125e-02
    6.43624e+00     4.48939e-02
    6.48703e+00     4.39922e-02
    6.53822e+00     4.31075e-02
    6.58982e+00     4.22396e-02
    6.64182e+00     4.13888e-02
    6.69423e+00     4.05546e-02
    6.74705e+00     3.97368e-02
    6.80030e+00     3.89354e-02
    6.85396e+00     3.81498e-02
    6.90805e+00     3.73807e-02
    6.96256e+00     3.66271e-02
    7.01750e+00     3.58894e-02
    7.07288e+00     3.51667e-02
    7.12869e+00     3.44591e-02
    7.18495e+00     3.37662e-02
    7.24164e+00     3.30877e-02
    7.29879e+00     3.24238e-02
    7.35639e+00     3.17733e-02
    7.41444e+00     3.11362e-02
    7.47295e+00     3.05128e-02
    7.53192e+00     2.99013e-02
    7.59135e+00     2.93029e-02
    7.65126e+00     2.87159e-02
    7.71163e+00     2.81405e-02
    7.77249e+00     2.75759e-02
    7.83382e+00     2.70221e-02
    7.89564e+00     2.64781e-02
    7.95795e+00     2.59439e-02
    8.02075e+00     2.54198e-02
    8.08404e+00     2.49054e-02
    8.14783e+00     2.44006e-02
    8.21213e+00     2.39054e-02
    8.27693e+00     2.34201e-02
    8.34225e+00     2.29446e-02
    8.40808e+00     2.24780e-02
    8.47443e+00     2.20212e-02
    8.54130e+00     2.15735e-02
    8.60870e+00     2.11350e-02
    8.67664e+00     2.07057e-02
    8.74510e+00     2.02853e-02
    8.81411e+00     1.98735e-02
    8.88367e+00     1.94703e-02
    8.95377e+00     1.90759e-02
    9.02443e+00     1.86895e-02
    9.09564e+00     1.83114e-02
    9.16742e+00     1.79412e-02
    9.23976e+00     1.75789e-02
    9.31267e+00     1.72240e-02
    9.38616e+00     1.68764e-02
    9.46023e+00     1.65360e-02
    9.53488e+00     1.62023e-02
    9.61012e+00     1.58753e-02
    9.68596e+00     1.55546e-02
    9.76239e+00     1.52399e-02
    9.83943e+00     1.49311e-02
    9.91708e+00     1.46279e-02
    9.99533e+00     1.43302e-02
    1.00742e+01     1.40382e-02
    1.01537e+01     1.37517e-02
    1.02338e+01     1.34707e-02
    1.03146e+01     1.31954e-02
    1.03960e+01     1.29254e-02
    1.04780e+01     1.26607e-02
    1.05607e+01     1.24015e-02
    1.06440e+01     1.21475e-02
    1.07280e+01     1.18989e-02
    1.08127e+01     1.16554e-02
    1.08980e+01     1.14169e-02
    1.09840e+01     1.11835e-02
    1.10707e+01     1.09551e-02
    1.11581e+01     1.07315e-02
    1.12461e+01     1.05125e-02
    1.13349e+01     1.02983e-02
    1.14243e+01     1.00886e-02
    1.15144e+01     9.88328e-03
    1.16053e+01     9.68238e-03
    1.16969e+01     9.48564e-03
    1.17892e+01     9.29293e-03
    1.18822e+01     9.10414e-03
    1.19760e+01     8.91914e-03
    1.20705e+01     8.73778e-03
    1.21657e+01     8.55987e-03
    1.22618e+01     8.38536e-03
    1.23585e+01     8.21398e-03
    1.24560e+01     8.04577e-03
    1.25543e+01     7.88077e-03
    1.26534e+01     7.71893e-03
    1.27532e+01     7.56018e-03
    1.28539e+01     7.40459e-03
    1.29553e+01     7.25207e-03
    1.30576e+01     7.10267e-03
    1.31606e+01     6.95623e-03
    1.32644e+01     6.81283e-03
    1.33691e+01     6.67240e-03
    1.34746e+01     6.53492e-03
    1.35809e+01     6.40031e-03
    1.36881e+01     6.26860e-03
    1.37961e+01     6.13966e-03
    1.39050e+01     6.01348e-03
    1.40147e+01     5.88998e-03
    1.41253e+01     5.76914e-03
    1.42368e+01     5.65090e-03
    1.43491e+01     5.53513e-03
    1.44624e+01     5.42185e-03
    1.45765e+01     5.31094e-03
    1.46915e+01     5.20236e-03
    1.48075e+01     5.09601e-03
    1.49243e+01     4.99180e-03
    1.50421e+01     4.88969e-03
    1.51608e+01     4.78955e-03
    1.52804e+01     4.69131e-03
    1.54010e+01     4.59488e-03
    1.55225e+01     4.50025e-03
    1.56450e+01     4.40740e-03
    1.57685e+01     4.31635e-03
    1.58929e+01     4.22705e-03
    1.60183e+01     4.13952e-03
    1.61447e+01     4.05375e-03
    1.62721e+01     3.96969e-03
    1.64005e+01     3.88735e-03
    1.65300e+01     3.80675e-03
    1.66604e+01     3.72777e-03
    1.67919e+01     3.65048e-03
    1.69244e+01     3.57482e-03
    1.70579e+01     3.50076e-03
    1.71925e+01     3.42830e-03
    1.73282e+01     3.35738e-03
    1.74649e+01     3.28801e-03
    1.76028e+01     3.22014e-03
    1.77417e+01     3.15370e-03
    1.78817e+01     3.08870e-03
    1.80228e+01     3.02509e-03
    1.81650e+01     2.96283e-03
    1.83083e+01     2.90188e-03
    1.84528e+01     2.84219e-03
    1.85984e+01     2.78374e-03
    1.87452e+01     2.72647e-03
    1.88931e+01     2.67031e-03
    1.90422e+01     2.61525e-03
    1.91925e+01     2.56120e-03
    1.93439e+01     2.50817e-03
    1.94966e+01     2.45614e-03
    1.96504e+01     2.40512e-03
    1.98055e+01     2.35509e-03
    1.99618e+01     2.30604e-03
    2.01193e+01     2.25798e-03
    2.02781e+01     2.21089e-03
    2.04381e+01     2.16478e-03
    2.05994e+01     2.11960e-03
    2.07619e+01     2.07538e-03
    2.09258e+01     2.03210e-03
    2.10909e+01     1.98972e-03
    2.12573e+01     1.94827e-03
    2.14251e+01     1.90770e-03
    2.15941e+01     1.86799e-03
    2.17646e+01     1.82917e-03
    2.19363e+01     1.79116e-03
    2.21094e+01     1.75400e-03
    2.22839e+01     1.71764e-03
    2.24597e+01     1.68205e-03
    2.26370e+01     1.64724e-03
    2.28156e+01     1.61315e-03
    2.29956e+01     1.57978e-03
    2.31771e+01     1.54710e-03
    2.33600e+01     1.51511e-03
    2.35443e+01     1.48374e-03
    2.37301e+01     1.45297e-03
    2.39174e+01     1.42280e-03
    2.41061e+01     1.39319e-03
    2.42963e+01     1.36415e-03
    2.44881e+01     1.33567e-03
    2.46813e+01     1.30772e-03
    2.48761e+01     1.28035e-03
    2.50724e+01     1.25352e-03
    2.52702e+01     1.22723e-03
    2.54696e+01     1.20149e-03
    2.56706e+01     1.17629e-03
    2.58732e+01     1.15161e-03
    2.60774e+01     1.12745e-03
    2.62832e+01     1.10381e-03
    2.64906e+01     1.08068e-03
    2.66996e+01     1.05804e-03
    2.69103e+01     1.03589e-03
    2.71227e+01     1.01423e-03
    2.73367e+01     9.93048e-04
    2.75524e+01     9.72318e-04
    2.77698e+01     9.52054e-04
    2.79890e+01     9.32213e-04
    2.82098e+01     9.12813e-04
    2.84324e+01     8.93815e-04
    2.86568e+01     8.75228e-04
    2.88829e+01     8.57033e-04
    2.91109e+01     8.39205e-04
    2.93406e+01     8.21736e-04
    2.95721e+01     8.04624e-04
    2.98055e+01     7.87831e-04
    3.00407e+01     7.71351e-04
    3.02777e+01     7.55195e-04
    3.05167e+01     7.39339e-04
    3.07575e+01     7.23802e-04
    3.10002e+01     7.08571e-04
    3.12448e+01     6.93643e-04
    3.14914e+01     6.79019e-04
    3.17399e+01     6.64704e-04
    3.19904e+01     6.50688e-04
    3.22428e+01     6.36952e-04
    3.24972e+01     6.23521e-04
    3.27537e+01     6.10381e-04
    3.30121e+01     5.97511e-04
    3.32727e+01     5.84929e-04
    3.35352e+01     5.72618e-04
    3.37998e+01     5.60576e-04
    3.40666e+01     5.48800e-04
    3.43354e+01     5.37281e-04
    3.46063e+01     5.26014e-04
    3.48794e+01     5.14994e-04
    3.51547e+01     5.04215e-04
    3.54321e+01     4.93666e-04
    3.57117e+01     4.83343e-04
    3.59935e+01     4.73239e-04
    3.62775e+01     4.63344e-04
    3.65638e+01     4.53653e-04
    3.68523e+01     4.44154e-04
    3.71431e+01     4.34840e-04
    3.74363e+01     4.25705e-04
    3.77317e+01     4.16740e-04
    3.80294e+01     4.07950e-04
    3.83295e+01     3.99333e-04
    3.86320e+01     3.90887e-04
    3.89368e+01     3.82610e-04
    3.92441e+01     3.74503e-04
    3.95538e+01     3.66564e-04
    3.98659e+01     3.58791e-04
    4.01805e+01     3.51181e-04
    4.04976e+01     3.43734e-04
    4.08171e+01     3.36445e-04
    4.11392e+01     3.29315e-04
    4.14639e+01     3.22340e-04
    4.17911e+01     3.15518e-04
    4.21209e+01     3.08846e-04
    4.24532e+01     3.02319e-04
    4.27883e+01     2.95939e-04
    4.31259e+01     2.89697e-04
    4.34662e+01     2.83594e-04
    4.38092e+01     2.77624e-04
    4.41549e+01     2.71782e-04
    4.45034e+01     2.66068e-04
    4.48546e+01     2.60475e-04
    4.52085e+01     2.54999e-04
    4.55653e+01     2.49637e-04
    4.59248e+01     2.44383e-04
    4.62872e+01     2.39232e-04
    4.66525e+01     2.34180e-04
    4.70206e+01     2.29224e-04
    4.73917e+01     2.24364e-04
    4.77657e+01     2.19600e-04
    4.81426e+01     2.14930e-04
    4.85225e+01     2.10355e-04
    4.89054e+01     2.05872e-04
    4.92913e+01     2.01483e-04
    4.96803e+01     1.97186e-04
    5.00723e+01     1.92980e-04
    5.04675e+01     1.88863e-04
    5.08657e+01     1.84835e-04
    5.12671e+01     1.80895e-04
    5.16717e+01     1.77040e-04
    5.20794e+01     1.73270e-04
    5.24904e+01     1.69584e-04
    5.29046e+01     1.65979e-04
    5.33221e+01     1.62454e-04
    5.37429e+01     1.59007e-04
    5.41670e+01     1.55637e-04
    5.45944e+01     1.52340e-04
    5.50252e+01     1.49116e-04
    5.54594e+01     1.45962e-04
    5.58971e+01     1.42876e-04
    5.63382e+01     1.39856e-04
    5.67827e+01     1.36898e-04
    5.72308e+01     1.34001e-04
    5.76825e+01     1.31163e-04
    5.81376e+01     1.28379e-04
    5.85964e+01     1.25649e-04
    5.90588e+01     1.22971e-04
    5.95249e+01     1.20347e-04
    5.99946e+01     1.17775e-04
    6.04680e+01     1.15255e-04
    6.09452e+01     1.12787e-04
    6.14261e+01     1.10370e-04
    6.19108e+01     1.08004e-04
    6.23994e+01     1.05688e-04
    6.28918e+01     1.03421e-04
    6.33881e+01     1.01204e-04
    6.38883e+01     9.90341e-05
    6.43925e+01     9.69116e-05
    6.49006e+01     9.48363e-05
    6.54127e+01     9.28065e-05
    6.59289e+01     9.08220e-05
    6.64492e+01     8.88811e-05
    6.69735e+01     8.69830e-05
    6.75020e+01     8.51272e-05
    6.80347e+01     8.33118e-05
    6.85716e+01     8.15360e-05
    6.91127e+01     7.97985e-05
    6.96581e+01     7.80987e-05
    7.02078e+01     7.64343e-05
    7.07618e+01     7.48049e-05
    7.13202e+01     7.32080e-05
    7.18830e+01     7.16432e-05
    7.24503e+01     7.01080e-05
    7.30220e+01     6.86020e-05
    7.35982e+01     6.71239e-05
    7.41790e+01     6.56748e-05
    7.47643e+01     6.42538e-05
    7.53543e+01     6.28619e-05
    7.59490e+01     6.14978e-05
    7.65483e+01     6.01618e-05
    7.71524e+01     5.88536e-05
    7.77612e+01     5.75736e-05
    7.83748e+01     5.63204e-05
    7.89933e+01     5.50956e-05
    7.96166e+01     5.38971e-05
    8.02449e+01     5.27259e-05
    8.08781e+01     5.15811e-05
    8.15164e+01     5.04620e-05
    8.21596e+01     4.93694e-05
    8.28080e+01     4.83020e-05
    8.34614e+01     4.72596e-05
    8.41200e+01     4.62419e-05
    8.47838e+01     4.52482e-05
    8.54529e+01     4.42782e-05
    8.61272e+01     4.33317e-05
    8.68069e+01     4.24075e-05
    8.74919e+01     4.15058e-05
    8.81823e+01     4.06255e-05
    8.88782e+01     3.97663e-05
    8.95795e+01     3.89270e-05
    9.02864e+01     3.81074e-05
    9.09989e+01     3.73070e-05
    9.17170e+01     3.65249e-05
    9.24407e+01     3.57611e-05
    9.31702e+01     3.50144e-05
    9.39054e+01     3.42852e-05
    9.46465e+01     3.35718e-05
    9.53933e+01     3.28746e-05
    9.61461e+01     3.21931e-05
    9.69048e+01     3.15255e-05
    9.76695e+01     3.08725e-05
    9.84402e+01     3.02323e-05
    9.92171e+01     2.96055e-05
    1.00000e+02     2.89900e-05
