    1.50000e-05     3.02481e+00
    1.51184e-05     3.04793e+00
    1.52377e-05     3.07121e+00
    1.53579e-05     3.09467e+00
    1.54791e-05     3.11831e+00
    1.56013e-05     3.14214e+00
    1.57244e-05     3.16615e+00
    1.58485e-05     3.19034e+00
    1.59735e-05     3.21470e+00
    1.60996e-05     3.23927e+00
    1.62266e-05     3.26400e+00
    1.63547e-05     3.28895e+00
    1.64837e-05     3.31407e+00
    1.66138e-05     3.33939e+00
    1.67449e-05     3.36490e+00
    1.68770e-05     3.39060e+00
    1.70102e-05     3.41651e+00
    1.71444e-05     3.44260e+00
    1.72797e-05     3.46890e+00
    1.74161e-05     3.49541e+00
    1.75535e-05     3.52210e+00
    1.76920e-05     3.54901e+00
    1.78317e-05     3.57613e+00
    1.79724e-05     3.60345e+00
    1.81142e-05     3.63096e+00
    1.82571e-05     3.65869e+00
    1.84012e-05     3.68664e+00
    1.85464e-05     3.71481e+00
    1.86928e-05     3.74319e+00
    1.88403e-05     3.77178e+00
    1.89890e-05     3.80060e+00
    1.91388e-05     3.82963e+00
    1.92898e-05     3.85887e+00
    1.94421e-05     3.88837e+00
    1.95955e-05     3.91807e+00
    1.97501e-05     3.94800e+00
    1.99060e-05     3.97817e+00
    2.00630e-05     4.00854e+00
    2.02214e-05     4.03919e+00
    2.03809e-05     4.07004e+00
    2.05418e-05     4.10114e+00
    2.07039e-05     4.13247e+00
    2.08672e-05     4.16403e+00
    2.10319e-05     4.19585e+00
    2.11979e-05     4.22791e+00
    2.13652e-05     4.26021e+00
    2.15338e-05     4.29276e+00
    2.17037e-05     4.32555e+00
    2.18749e-05     4.35858e+00
    2.20476e-05     4.39189e+00
    2.22215e-05     4.42543e+00
    2.23969e-05     4.45925e+00
    2.25736e-05     4.49331e+00
    2.27518e-05     4.52765e+00
    2.29313e-05     4.56223e+00
    2.31123e-05     4.59709e+00
    2.32947e-05     4.63222e+00
    2.34785e-05     4.66760e+00
    2.36638e-05     4.70326e+00
    2.38505e-05     4.73919e+00
    2.40387e-05     4.77539e+00
    2.42284e-05     4.81187e+00
    2.44196e-05     4.84864e+00
    2.46123e-05     4.88568e+00
    2.48065e-05     4.92300e+00
    2.50023e-05     4.96062e+00
    2.51996e-05     4.99852e+00
    2.53984e-05     5.03669e+00
    2.55988e-05     5.07517e+00
    2.58008e-05     5.11393e+00
    2.60044e-05     5.15300e+00
    2.62096e-05     5.19236e+00
    2.64165e-05     5.23203e+00
    2.66249e-05     5.27199e+00
    2.68350e-05     5.31226e+00
    2.70468e-05     5.35285e+00
    2.72602e-05     5.39373e+00
    2.74753e-05     5.43493e+00
    2.76922e-05     5.47646e+00
    2.79107e-05     5.51829e+00
    2.81309e-05     5.56044e+00
    2.83529e-05     5.60292e+00
    2.85767e-05     5.64574e+00
    2.88022e-05     5.68887e+00
    2.90294e-05     5.73231e+00
    2.92585e-05     5.77611e+00
    2.94894e-05     5.82024e+00
    2.97221e-05     5.86470e+00
    2.99567e-05     5.90952e+00
    3.01931e-05     5.95466e+00
    3.04313e-05     6.00014e+00
    3.06715e-05     6.04599e+00
    3.09135e-05     6.09218e+00
    3.11574e-05     6.13871e+00
    3.14033e-05     6.18561e+00
    3.16511e-05     6.23285e+00
    3.19009e-05     6.28048e+00
    3.21526e-05     6.32844e+00
    3.24063e-05     6.37678e+00
    3.26621e-05     6.42550e+00
    3.29198e-05     6.47458e+00
    3.31796e-05     6.52403e+00
    3.34414e-05     6.57387e+00
    3.37053e-05     6.62409e+00
    3.39713e-05     6.67469e+00
    3.42394e-05     6.72569e+00
    3.45096e-05     6.77707e+00
    3.47819e-05     6.82883e+00
    3.50563e-05     6.88098e+00
    3.53330e-05     6.93356e+00
    3.56118e-05     6.98653e+00
    3.58928e-05     7.03991e+00
    3.61761e-05     7.09371e+00
    3.64615e-05     7.14789e+00
    3.67493e-05     7.20251e+00
    3.70393e-05     7.25753e+00
    3.73315e-05     7.31296e+00
    3.76261e-05     7.36883e+00
    3.79231e-05     7.42514e+00
    3.82223e-05     7.48186e+00
    3.85239e-05     7.53900e+00
    3.88279e-05     7.59659e+00
    3.91343e-05     7.65463e+00
    3.94431e-05     7.71309e+00
    3.97544e-05     7.77202e+00
    4.00681e-05     7.83140e+00
    4.03843e-05     7.89121e+00
    4.07030e-05     7.95149e+00
    4.10242e-05     8.01223e+00
    4.13479e-05     8.07342e+00
    4.16742e-05     8.13510e+00
    4.20031e-05     8.19724e+00
    4.23345e-05     8.25986e+00
    4.26686e-05     8.32296e+00
    4.30053e-05     8.38653e+00
    4.33447e-05     8.45061e+00
    4.36867e-05     8.51514e+00
    4.40314e-05     8.58019e+00
    4.43789e-05     8.64574e+00
    4.47291e-05     8.71178e+00
    4.50821e-05     8.77834e+00
    4.54378e-05     8.84537e+00
    4.57964e-05     8.91295e+00
    4.61578e-05     8.98105e+00
    4.65220e-05     9.04963e+00
    4.68891e-05     9.11877e+00
    4.72591e-05     9.18843e+00
    4.76321e-05     9.25862e+00
    4.80079e-05     9.32934e+00
    4.83868e-05     9.40060e+00
    4.87686e-05     9.47241e+00
    4.91535e-05     9.54477e+00
    4.95413e-05     9.61768e+00
    4.99323e-05     9.69116e+00
    5.03263e-05     9.76517e+00
    5.07234e-05     9.83977e+00
    5.11237e-05     9.91495e+00
    5.15271e-05     9.99067e+00
    5.19338e-05     1.00670e+01
    5.23436e-05     1.01439e+01
    5.27566e-05     1.02214e+01
    5.31729e-05     1.02995e+01
    5.35925e-05     1.03781e+01
    5.40155e-05     1.04574e+01
    5.44417e-05     1.05373e+01
    5.48713e-05     1.06178e+01
    5.53043e-05     1.06989e+01
    5.57407e-05     1.07806e+01
    5.61806e-05     1.08630e+01
    5.66239e-05     1.09459e+01
    5.70708e-05     1.10296e+01
    5.75211e-05     1.11138e+01
    5.79750e-05     1.11987e+01
    5.84325e-05     1.12842e+01
    5.88936e-05     1.13704e+01
    5.93584e-05     1.14573e+01
    5.98268e-05     1.15448e+01
    6.02989e-05     1.16330e+01
    6.07747e-05     1.17218e+01
    6.12543e-05     1.18113e+01
    6.17377e-05     1.19016e+01
    6.22249e-05     1.19925e+01
    6.27159e-05     1.20840e+01
    6.32108e-05     1.21764e+01
    6.37096e-05     1.22694e+01
    6.42124e-05     1.23631e+01
    6.47191e-05     1.24575e+01
    6.52298e-05     1.25526e+01
    6.57445e-05     1.26485e+01
    6.62633e-05     1.27451e+01
    6.67862e-05     1.28425e+01
    6.73132e-05     1.29406e+01
    6.78444e-05     1.30394e+01
    6.83798e-05     1.31390e+01
    6.89194e-05     1.32394e+01
    6.94633e-05     1.33405e+01
    7.00114e-05     1.34424e+01
    7.05639e-05     1.35451e+01
    7.11207e-05     1.36485e+01
    7.16820e-05     1.37528e+01
    7.22476e-05     1.38578e+01
    7.28177e-05     1.39637e+01
    7.33924e-05     1.40703e+01
    7.39715e-05     1.41778e+01
    7.45552e-05     1.42861e+01
    7.51436e-05     1.43952e+01
    7.57365e-05     1.45051e+01
    7.63342e-05     1.46159e+01
    7.69366e-05     1.47275e+01
    7.75437e-05     1.48400e+01
    7.81556e-05     1.49534e+01
    7.87723e-05     1.50676e+01
    7.93940e-05     1.51827e+01
    8.00205e-05     1.52986e+01
    8.06519e-05     1.54154e+01
    8.12884e-05     1.55332e+01
    8.19298e-05     1.56518e+01
    8.25764e-05     1.57713e+01
    8.32280e-05     1.58918e+01
    8.38848e-05     1.60132e+01
    8.45467e-05     1.61354e+01
    8.52139e-05     1.62586e+01
    8.58863e-05     1.63828e+01
    8.65641e-05     1.65079e+01
    8.72472e-05     1.66340e+01
    8.79357e-05     1.67610e+01
    8.86296e-05     1.68890e+01
    8.93290e-05     1.70180e+01
    9.00339e-05     1.71479e+01
    9.07444e-05     1.72788e+01
    9.14605e-05     1.74108e+01
    9.21822e-05     1.75437e+01
    9.29096e-05     1.76777e+01
    9.36428e-05     1.78127e+01
    9.43817e-05     1.79488e+01
    9.51265e-05     1.80858e+01
    9.58772e-05     1.82239e+01
    9.66338e-05     1.83631e+01
    9.73963e-05     1.85033e+01
    9.81649e-05     1.86446e+01
    9.89396e-05     1.87870e+01
    9.97203e-05     1.89305e+01
    1.00507e-04     1.90750e+01
    1.01300e-04     1.92206e+01
    1.02100e-04     1.93675e+01
    1.02905e-04     1.95152e+01
    1.03717e-04     1.96642e+01
    1.04536e-04     1.98145e+01
    1.05361e-04     1.99658e+01
    1.06192e-04     2.01181e+01
    1.07030e-04     2.02718e+01
    1.07875e-04     2.04266e+01
    1.08726e-04     2.05825e+01
    1.09584e-04     2.07396e+01
    1.10449e-04     2.08980e+01
    1.11320e-04     2.10574e+01
    1.12199e-04     2.12183e+01
    1.13084e-04     2.13802e+01
    1.13977e-04     2.15436e+01
    1.14876e-04     2.17080e+01
    1.15783e-04     2.18738e+01
    1.16696e-04     2.20407e+01
    1.17617e-04     2.22090e+01
    1.18545e-04     2.23785e+01
    1.19481e-04     2.25495e+01
    1.20424e-04     2.27217e+01
    1.21374e-04     2.28951e+01
    1.22332e-04     2.30699e+01
    1.23297e-04     2.32460e+01
    1.24270e-04     2.34235e+01
    1.25251e-04     2.36023e+01
    1.26239e-04     2.37825e+01
    1.27235e-04     2.39640e+01
    1.28239e-04     2.41469e+01
    1.29251e-04     2.43313e+01
    1.30271e-04     2.45170e+01
    1.31299e-04     2.47041e+01
    1.32335e-04     2.48927e+01
    1.33379e-04     2.50826e+01
    1.34432e-04     2.52741e+01
    1.35493e-04     2.54671e+01
    1.36562e-04     2.56614e+01
    1.37640e-04     2.58573e+01
    1.38726e-04     2.60547e+01
    1.39821e-04     2.62536e+01
    1.40924e-04     2.64539e+01
    1.42036e-04     2.66557e+01
    1.43157e-04     2.68592e+01
    1.44286e-04     2.70640e+01
    1.45425e-04     2.72707e+01
    1.46573e-04     2.74789e+01
    1.47729e-04     2.76884e+01
    1.48895e-04     2.78997e+01
    1.50070e-04     2.81127e+01
    1.51254e-04     2.83272e+01
    1.52448e-04     2.85434e+01
    1.53651e-04     2.87613e+01
    1.54863e-04     2.89807e+01
    1.56085e-04     2.92018e+01
    1.57317e-04     2.94247e+01
    1.58559e-04     2.96493e+01
    1.59810e-04     2.98756e+01
    1.61071e-04     3.01035e+01
    1.62342e-04     3.03332e+01
    1.63623e-04     3.05647e+01
    1.64914e-04     3.07978e+01
    1.66216e-04     3.10329e+01
    1.67527e-04     3.12696e+01
    1.68849e-04     3.15082e+01
    1.70182e-04     3.17486e+01
    1.71525e-04     3.19908e+01
    1.72878e-04     3.22347e+01
    1.74242e-04     3.24806e+01
    1.75617e-04     3.27283e+01
    1.77003e-04     3.29780e+01
    1.78400e-04     3.32295e+01
    1.79808e-04     3.34830e+01
    1.81227e-04     3.37384e+01
    1.82657e-04     3.39957e+01
    1.84098e-04     3.42549e+01
    1.85551e-04     3.45162e+01
    1.87015e-04     3.47794e+01
    1.88491e-04     3.50446e+01
    1.89978e-04     3.53119e+01
    1.91477e-04     3.55811e+01
    1.92988e-04     3.58524e+01
    1.94511e-04     3.61259e+01
    1.96046e-04     3.64014e+01
    1.97593e-04     3.66790e+01
    1.99153e-04     3.69588e+01
    2.00724e-04     3.72406e+01
    2.02308e-04     3.75245e+01
    2.03904e-04     3.78105e+01
    2.05514e-04     3.80990e+01
    2.07135e-04     3.83893e+01
    2.08770e-04     3.86821e+01
    2.10417e-04     3.89769e+01
    2.12078e-04     3.92741e+01
    2.13751e-04     3.95734e+01
    2.15438e-04     3.98751e+01
    2.17138e-04     4.01791e+01
    2.18852e-04     4.04854e+01
    2.20579e-04     4.07939e+01
    2.22319e-04     4.11047e+01
    2.24074e-04     4.14181e+01
    2.25842e-04     4.17338e+01
    2.27624e-04     4.20518e+01
    2.29420e-04     4.23722e+01
    2.31231e-04     4.26952e+01
    2.33055e-04     4.30204e+01
    2.34894e-04     4.33482e+01
    2.36748e-04     4.36786e+01
    2.38616e-04     4.40113e+01
    2.40499e-04     4.43467e+01
    2.42397e-04     4.46846e+01
    2.44310e-04     4.50250e+01
    2.46238e-04     4.53681e+01
    2.48181e-04     4.57137e+01
    2.50139e-04     4.60617e+01
    2.52113e-04     4.64126e+01
    2.54103e-04     4.67662e+01
    2.56108e-04     4.71224e+01
    2.58129e-04     4.74812e+01
    2.60166e-04     4.78428e+01
    2.62219e-04     4.82071e+01
    2.64288e-04     4.85741e+01
    2.66374e-04     4.89440e+01
    2.68476e-04     4.93167e+01
    2.70594e-04     4.96920e+01
    2.72730e-04     5.00704e+01
    2.74882e-04     5.04514e+01
    2.77051e-04     5.08354e+01
    2.79237e-04     5.12223e+01
    2.81441e-04     5.16123e+01
    2.83662e-04     5.20050e+01
    2.85900e-04     5.24007e+01
    2.88156e-04     5.27994e+01
    2.90430e-04     5.32012e+01
    2.92722e-04     5.36059e+01
    2.95032e-04     5.40138e+01
    2.97360e-04     5.44247e+01
    2.99707e-04     5.48387e+01
    3.02072e-04     5.52559e+01
    3.04455e-04     5.56760e+01
    3.06858e-04     5.60996e+01
    3.09279e-04     5.65262e+01
    3.11720e-04     5.69560e+01
    3.14180e-04     5.73892e+01
    3.16659e-04     5.78255e+01
    3.19158e-04     5.82652e+01
    3.21676e-04     5.87082e+01
    3.24215e-04     5.91546e+01
    3.26773e-04     5.96042e+01
    3.29352e-04     6.00573e+01
    3.31951e-04     6.05139e+01
    3.34570e-04     6.09738e+01
    3.37211e-04     6.14373e+01
    3.39872e-04     6.19041e+01
    3.42554e-04     6.23746e+01
    3.45257e-04     6.28484e+01
    3.47981e-04     6.33258e+01
    3.50727e-04     6.38069e+01
    3.53495e-04     6.42916e+01
    3.56284e-04     6.47798e+01
    3.59096e-04     6.52719e+01
    3.61930e-04     6.57676e+01
    3.64786e-04     6.62670e+01
    3.67664e-04     6.67700e+01
    3.70566e-04     6.72770e+01
    3.73490e-04     6.77877e+01
    3.76437e-04     6.83021e+01
    3.79408e-04     6.88205e+01
    3.82402e-04     6.93427e+01
    3.85419e-04     6.98687e+01
    3.88461e-04     7.03989e+01
    3.91526e-04     7.09328e+01
    3.94616e-04     7.14709e+01
    3.97730e-04     7.20130e+01
    4.00868e-04     7.25590e+01
    4.04032e-04     7.31093e+01
    4.07220e-04     7.36635e+01
    4.10433e-04     7.42221e+01
    4.13672e-04     7.47846e+01
    4.16937e-04     7.53517e+01
    4.20227e-04     7.59228e+01
    4.23543e-04     7.64982e+01
    4.26885e-04     7.70777e+01
    4.30254e-04     7.76618e+01
    4.33649e-04     7.82502e+01
    4.37071e-04     7.88430e+01
    4.40520e-04     7.94400e+01
    4.43996e-04     8.00416e+01
    4.47500e-04     8.06478e+01
    4.51031e-04     8.12583e+01
    4.54590e-04     8.18733e+01
    4.58178e-04     8.24932e+01
    4.61793e-04     8.31175e+01
    4.65437e-04     8.37462e+01
    4.69110e-04     8.43799e+01
    4.72812e-04     8.50181e+01
    4.76543e-04     8.56613e+01
    4.80304e-04     8.63090e+01
    4.84094e-04     8.69616e+01
    4.87914e-04     8.76190e+01
    4.91764e-04     8.82813e+01
    4.95645e-04     8.89485e+01
    4.99556e-04     8.96206e+01
    5.03498e-04     9.02978e+01
    5.07471e-04     9.09798e+01
    5.11476e-04     9.16672e+01
    5.15512e-04     9.23593e+01
    5.19580e-04     9.30567e+01
    5.23680e-04     9.37593e+01
    5.27813e-04     9.44672e+01
    5.31978e-04     9.51801e+01
    5.36176e-04     9.58982e+01
    5.40407e-04     9.66217e+01
    5.44671e-04     9.73504e+01
    5.48969e-04     9.80846e+01
    5.53301e-04     9.88240e+01
    5.57668e-04     9.95691e+01
    5.62068e-04     1.00319e+02
    5.66504e-04     1.01076e+02
    5.70974e-04     1.01837e+02
    5.75480e-04     1.02604e+02
    5.80021e-04     1.03377e+02
    5.84598e-04     1.04155e+02
    5.89211e-04     1.04939e+02
    5.93861e-04     1.05729e+02
    5.98547e-04     1.06525e+02
    6.03270e-04     1.07326e+02
    6.08031e-04     1.08133e+02
    6.12829e-04     1.08947e+02
    6.17665e-04     1.09766e+02
    6.22539e-04     1.10591e+02
    6.27452e-04     1.11422e+02
    6.32403e-04     1.12259e+02
    6.37394e-04     1.13103e+02
    6.42423e-04     1.13952e+02
    6.47493e-04     1.14808e+02
    6.52602e-04     1.15670e+02
    6.57752e-04     1.16538e+02
    6.62943e-04     1.17413e+02
    6.68174e-04     1.18293e+02
    6.73447e-04     1.19181e+02
    6.78761e-04     1.20074e+02
    6.84117e-04     1.20974e+02
    6.89516e-04     1.21881e+02
    6.94957e-04     1.22795e+02
    7.00441e-04     1.23714e+02
    7.05968e-04     1.24641e+02
    7.11539e-04     1.25574e+02
    7.17154e-04     1.26514e+02
    7.22813e-04     1.27461e+02
    7.28517e-04     1.28414e+02
    7.34266e-04     1.29375e+02
    7.40060e-04     1.30342e+02
    7.45900e-04     1.31316e+02
    7.51787e-04     1.32298e+02
    7.57719e-04     1.33286e+02
    7.63698e-04     1.34281e+02
    7.69725e-04     1.35284e+02
    7.75799e-04     1.36294e+02
    7.81921e-04     1.37311e+02
    7.88091e-04     1.38335e+02
    7.94310e-04     1.39366e+02
    8.00578e-04     1.40405e+02
    8.06896e-04     1.41451e+02
    8.13263e-04     1.42505e+02
    8.19681e-04     1.43566e+02
    8.26149e-04     1.44635e+02
    8.32668e-04     1.45712e+02
    8.39239e-04     1.46796e+02
    8.45862e-04     1.47888e+02
    8.52537e-04     1.48987e+02
    8.59264e-04     1.50095e+02
    8.66045e-04     1.51210e+02
    8.72879e-04     1.52333e+02
    8.79767e-04     1.53464e+02
    8.86710e-04     1.54603e+02
    8.93707e-04     1.55750e+02
    9.00759e-04     1.56905e+02
    9.07867e-04     1.58068e+02
    9.15032e-04     1.59240e+02
    9.22252e-04     1.60419e+02
    9.29530e-04     1.61608e+02
    9.36865e-04     1.62804e+02
    9.44258e-04     1.64008e+02
    9.51709e-04     1.65221e+02
    9.59220e-04     1.66443e+02
    9.66789e-04     1.67673e+02
    9.74418e-04     1.68912e+02
    9.82107e-04     1.70159e+02
    9.89858e-04     1.71415e+02
    9.97669e-04     1.72680e+02
    1.00554e-03     1.73952e+02
    1.01348e-03     1.75236e+02
    1.02147e-03     1.76526e+02
    1.02953e-03     1.77826e+02
    1.03766e-03     1.79135e+02
    1.04585e-03     1.80454e+02
    1.05410e-03     1.81781e+02
    1.06242e-03     1.83117e+02
    1.07080e-03     1.84462e+02
    1.07925e-03     1.85817e+02
    1.08777e-03     1.87181e+02
    1.09635e-03     1.88554e+02
    1.10500e-03     1.89937e+02
    1.11372e-03     1.91329e+02
    1.12251e-03     1.92731e+02
    1.13137e-03     1.94143e+02
    1.14030e-03     1.95564e+02
    1.14930e-03     1.96994e+02
    1.15837e-03     1.98435e+02
    1.16751e-03     1.99885e+02
    1.17672e-03     2.01344e+02
    1.18601e-03     2.02814e+02
    1.19537e-03     2.04295e+02
    1.20480e-03     2.05783e+02
    1.21431e-03     2.07284e+02
    1.22389e-03     2.08793e+02
    1.23355e-03     2.10313e+02
    1.24328e-03     2.11842e+02
    1.25309e-03     2.13383e+02
    1.26298e-03     2.14933e+02
    1.27295e-03     2.16494e+02
    1.28299e-03     2.18065e+02
    1.29312e-03     2.19647e+02
    1.30332e-03     2.21239e+02
    1.31360e-03     2.22841e+02
    1.32397e-03     2.24455e+02
    1.33442e-03     2.26079e+02
    1.34495e-03     2.27713e+02
    1.35556e-03     2.29358e+02
    1.36626e-03     2.31014e+02
    1.37704e-03     2.32681e+02
    1.38791e-03     2.34359e+02
    1.39886e-03     2.36047e+02
    1.40990e-03     2.37747e+02
    1.42102e-03     2.39457e+02
    1.43224e-03     2.41180e+02
    1.44354e-03     2.42912e+02
    1.45493e-03     2.44656e+02
    1.46641e-03     2.46411e+02
    1.47798e-03     2.48177e+02
    1.48965e-03     2.49957e+02
    1.50140e-03     2.51745e+02
    1.51325e-03     2.53546e+02
    1.52519e-03     2.55358e+02
    1.53723e-03     2.57183e+02
    1.54936e-03     2.59018e+02
    1.56158e-03     2.60864e+02
    1.57391e-03     2.62724e+02
    1.58633e-03     2.64595e+02
    1.59884e-03     2.66476e+02
    1.61146e-03     2.68370e+02
    1.62418e-03     2.70277e+02
    1.63699e-03     2.72194e+02
    1.64991e-03     2.74124e+02
    1.66293e-03     2.76066e+02
    1.67605e-03     2.78020e+02
    1.68928e-03     2.79987e+02
    1.70261e-03     2.81964e+02
    1.71605e-03     2.83956e+02
    1.72959e-03     2.85958e+02
    1.74324e-03     2.87973e+02
    1.75699e-03     2.89999e+02
    1.77086e-03     2.92040e+02
    1.78483e-03     2.94091e+02
    1.79892e-03     2.96156e+02
    1.81311e-03     2.98232e+02
    1.82742e-03     3.00322e+02
    1.84184e-03     3.02424e+02
    1.85637e-03     3.04537e+02
    1.87102e-03     3.06665e+02
    1.88579e-03     3.08806e+02
    1.90067e-03     3.10958e+02
    1.91567e-03     3.13124e+02
    1.93078e-03     3.15301e+02
    1.94602e-03     3.17493e+02
    1.96138e-03     3.19697e+02
    1.97686e-03     3.21914e+02
    1.99246e-03     3.24144e+02
    2.00818e-03     3.26386e+02
    2.02402e-03     3.28640e+02
    2.04000e-03     3.30911e+02
    2.05609e-03     3.33191e+02
    2.07232e-03     3.35487e+02
    2.08867e-03     3.37794e+02
    2.10516e-03     3.40117e+02
    2.12177e-03     3.42451e+02
    2.13851e-03     3.44797e+02
    2.15539e-03     3.47159e+02
    2.17240e-03     3.49533e+02
    2.18954e-03     3.51921e+02
    2.20682e-03     3.54321e+02
    2.22423e-03     3.56734e+02
    2.24178e-03     3.59161e+02
    2.25947e-03     3.61602e+02
    2.27730e-03     3.64055e+02
    2.29527e-03     3.66522e+02
    2.31339e-03     3.69004e+02
    2.33164e-03     3.71498e+02
    2.35004e-03     3.74005e+02
    2.36859e-03     3.76528e+02
    2.38728e-03     3.79062e+02
    2.40612e-03     3.81610e+02
    2.42510e-03     3.84171e+02
    2.44424e-03     3.86747e+02
    2.46353e-03     3.89336e+02
    2.48297e-03     3.91939e+02
    2.50256e-03     3.94554e+02
    2.52231e-03     3.97184e+02
    2.54221e-03     3.99827e+02
    2.56227e-03     4.02483e+02
    2.58249e-03     4.05154e+02
    2.60287e-03     4.07839e+02
    2.62341e-03     4.10536e+02
    2.64411e-03     4.13248e+02
    2.66498e-03     4.15973e+02
    2.68601e-03     4.18712e+02
    2.70721e-03     4.21465e+02
    2.72857e-03     4.24230e+02
    2.75010e-03     4.27009e+02
    2.77180e-03     4.29802e+02
    2.79368e-03     4.32610e+02
    2.81572e-03     4.35429e+02
    2.83794e-03     4.38264e+02
    2.86034e-03     4.41111e+02
    2.88291e-03     4.43972e+02
    2.90566e-03     4.46846e+02
    2.92859e-03     4.49735e+02
    2.95170e-03     4.52636e+02
    2.97499e-03     4.55551e+02
    2.99846e-03     4.58479e+02
    3.02213e-03     4.61422e+02
    3.04597e-03     4.64376e+02
    3.07001e-03     4.67345e+02
    3.09424e-03     4.70327e+02
    3.11865e-03     4.73322e+02
    3.14326e-03     4.76331e+02
    3.16807e-03     4.79353e+02
    3.19307e-03     4.82388e+02
    3.21827e-03     4.85437e+02
    3.24366e-03     4.88497e+02
    3.26926e-03     4.91572e+02
    3.29506e-03     4.94659e+02
    3.32106e-03     4.97759e+02
    3.34727e-03     5.00872e+02
    3.37368e-03     5.03998e+02
    3.40030e-03     5.07136e+02
    3.42713e-03     5.10287e+02
    3.45418e-03     5.13452e+02
    3.48144e-03     5.16631e+02
    3.50891e-03     5.19819e+02
    3.53660e-03     5.23022e+02
    3.56451e-03     5.26237e+02
    3.59264e-03     5.29465e+02
    3.62099e-03     5.32705e+02
    3.64956e-03     5.35956e+02
    3.67836e-03     5.39222e+02
    3.70739e-03     5.42499e+02
    3.73664e-03     5.45787e+02
    3.76613e-03     5.49088e+02
    3.79585e-03     5.52402e+02
    3.82580e-03     5.55727e+02
    3.85599e-03     5.59063e+02
    3.88642e-03     5.62412e+02
    3.91709e-03     5.65773e+02
    3.94800e-03     5.69144e+02
    3.97915e-03     5.72526e+02
    4.01055e-03     5.75920e+02
    4.04220e-03     5.79327e+02
    4.07410e-03     5.82743e+02
    4.10625e-03     5.86171e+02
    4.13865e-03     5.89609e+02
    4.17131e-03     5.93058e+02
    4.20423e-03     5.96518e+02
    4.23741e-03     5.99989e+02
    4.27084e-03     6.03467e+02
    4.30455e-03     6.06960e+02
    4.33851e-03     6.10460e+02
    4.37275e-03     6.13971e+02
    4.40726e-03     6.17493e+02
    4.44203e-03     6.21023e+02
    4.47709e-03     6.24563e+02
    4.51242e-03     6.28113e+02
    4.54803e-03     6.31673e+02
    4.58392e-03     6.35243e+02
    4.62009e-03     6.38820e+02
    4.65655e-03     6.42406e+02
    4.69329e-03     6.46001e+02
    4.73033e-03     6.49605e+02
    4.76766e-03     6.53217e+02
    4.80528e-03     6.56838e+02
    4.84320e-03     6.60466e+02
    4.88142e-03     6.64102e+02
    4.91994e-03     6.67746e+02
    4.95876e-03     6.71397e+02
    4.99789e-03     6.75055e+02
    5.03733e-03     6.78722e+02
    5.07708e-03     6.82396e+02
    5.11715e-03     6.86076e+02
    5.15753e-03     6.89762e+02
    5.19823e-03     6.93455e+02
    5.23925e-03     6.97155e+02
    5.28059e-03     7.00861e+02
    5.32226e-03     7.04573e+02
    5.36426e-03     7.08290e+02
    5.40659e-03     7.12015e+02
    5.44926e-03     7.15744e+02
    5.49226e-03     7.19478e+02
    5.53560e-03     7.23218e+02
    5.57928e-03     7.26962e+02
    5.62331e-03     7.30710e+02
    5.66768e-03     7.34462e+02
    5.71241e-03     7.38219e+02
    5.75748e-03     7.41977e+02
    5.80292e-03     7.45740e+02
    5.84871e-03     7.49504e+02
    5.89486e-03     7.53272e+02
    5.94138e-03     7.57042e+02
    5.98827e-03     7.60813e+02
    6.03552e-03     7.64585e+02
    6.08315e-03     7.68359e+02
    6.13115e-03     7.72133e+02
    6.17953e-03     7.75906e+02
    6.22830e-03     7.79682e+02
    6.27745e-03     7.83459e+02
    6.32698e-03     7.87233e+02
    6.37691e-03     7.91009e+02
    6.42723e-03     7.94784e+02
    6.47795e-03     7.98558e+02
    6.52907e-03     8.02331e+02
    6.58059e-03     8.06102e+02
    6.63252e-03     8.09872e+02
    6.68486e-03     8.13641e+02
    6.73761e-03     8.17406e+02
    6.79078e-03     8.21169e+02
    6.84437e-03     8.24929e+02
    6.89838e-03     8.28685e+02
    6.95281e-03     8.32436e+02
    7.00768e-03     8.36185e+02
    7.06298e-03     8.39926e+02
    7.11872e-03     8.43665e+02
    7.17489e-03     8.47395e+02
    7.23151e-03     8.51120e+02
    7.28857e-03     8.54837e+02
    7.34609e-03     8.58549e+02
    7.40406e-03     8.62254e+02
    7.46249e-03     8.65949e+02
    7.52138e-03     8.69636e+02
    7.58073e-03     8.73315e+02
    7.64055e-03     8.76983e+02
    7.70084e-03     8.80643e+02
    7.76161e-03     8.84296e+02
    7.82286e-03     8.87935e+02
    7.88459e-03     8.91566e+02
    7.94681e-03     8.95187e+02
    8.00952e-03     8.98795e+02
    8.07273e-03     9.02393e+02
    8.13643e-03     9.05980e+02
    8.20064e-03     9.09552e+02
    8.26535e-03     9.13114e+02
    8.33057e-03     9.16660e+02
    8.39631e-03     9.20195e+02
    8.46257e-03     9.23713e+02
    8.52935e-03     9.27218e+02
    8.59666e-03     9.30706e+02
    8.66449e-03     9.34179e+02
    8.73287e-03     9.37636e+02
    8.80178e-03     9.41074e+02
    8.87124e-03     9.44494e+02
    8.94124e-03     9.47897e+02
    9.01180e-03     9.51282e+02
    9.08291e-03     9.54644e+02
    9.15459e-03     9.57989e+02
    9.22683e-03     9.61313e+02
    9.29964e-03     9.64616e+02
    9.37303e-03     9.67898e+02
    9.44699e-03     9.71158e+02
    9.52154e-03     9.74395e+02
    9.59667e-03     9.77608e+02
    9.67240e-03     9.80799e+02
    9.74873e-03     9.83963e+02
    9.82566e-03     9.87105e+02
    9.90320e-03     9.90219e+02
    9.98135e-03     9.93308e+02
    1.00601e-02     9.96369e+02
    1.01395e-02     9.99407e+02
    1.02195e-02     1.00241e+03
    1.03002e-02     1.00540e+03
    1.03814e-02     1.00834e+03
    1.04634e-02     1.01126e+03
    1.05459e-02     1.01414e+03
    1.06291e-02     1.01700e+03
    1.07130e-02     1.01983e+03
    1.07976e-02     1.02263e+03
    1.08828e-02     1.02539e+03
    1.09686e-02     1.02810e+03
    1.10552e-02     1.03080e+03
    1.11424e-02     1.03345e+03
    1.12304e-02     1.03608e+03
    1.13190e-02     1.03866e+03
    1.14083e-02     1.04120e+03
    1.14983e-02     1.04371e+03
    1.15891e-02     1.04619e+03
    1.16805e-02     1.04861e+03
    1.17727e-02     1.05100e+03
    1.18656e-02     1.05335e+03
    1.19592e-02     1.05566e+03
    1.20536e-02     1.05793e+03
    1.21487e-02     1.06015e+03
    1.22446e-02     1.06234e+03
    1.23412e-02     1.06447e+03
    1.24386e-02     1.06657e+03
    1.25368e-02     1.06862e+03
    1.26357e-02     1.07062e+03
    1.27354e-02     1.07257e+03
    1.28359e-02     1.07448e+03
    1.29372e-02     1.07634e+03
    1.30393e-02     1.07814e+03
    1.31422e-02     1.07990e+03
    1.32459e-02     1.08161e+03
    1.33504e-02     1.08327e+03
    1.34558e-02     1.08488e+03
    1.35619e-02     1.08642e+03
    1.36690e-02     1.08793e+03
    1.37768e-02     1.08936e+03
    1.38855e-02     1.09075e+03
    1.39951e-02     1.09208e+03
    1.41056e-02     1.09337e+03
    1.42169e-02     1.09458e+03
    1.43291e-02     1.09574e+03
    1.44421e-02     1.09684e+03
    1.45561e-02     1.09788e+03
    1.46710e-02     1.09887e+03
    1.47867e-02     1.09978e+03
    1.49034e-02     1.10064e+03
    1.50210e-02     1.10144e+03
    1.51396e-02     1.10218e+03
    1.52590e-02     1.10284e+03
    1.53794e-02     1.10345e+03
    1.55008e-02     1.10399e+03
    1.56231e-02     1.10446e+03
    1.57464e-02     1.10487e+03
    1.58707e-02     1.10521e+03
    1.59959e-02     1.10548e+03
    1.61221e-02     1.10568e+03
    1.62494e-02     1.10582e+03
    1.63776e-02     1.10589e+03
    1.65068e-02     1.10588e+03
    1.66371e-02     1.10580e+03
    1.67684e-02     1.10566e+03
    1.69007e-02     1.10544e+03
    1.70341e-02     1.10514e+03
    1.71685e-02     1.10478e+03
    1.73040e-02     1.10434e+03
    1.74405e-02     1.10382e+03
    1.75781e-02     1.10323e+03
    1.77168e-02     1.10256e+03
    1.78567e-02     1.10182e+03
    1.79976e-02     1.10101e+03
    1.81396e-02     1.10011e+03
    1.82827e-02     1.09913e+03
    1.84270e-02     1.09809e+03
    1.85724e-02     1.09695e+03
    1.87190e-02     1.09575e+03
    1.88667e-02     1.09446e+03
    1.90156e-02     1.09310e+03
    1.91656e-02     1.09164e+03
    1.93169e-02     1.09012e+03
    1.94693e-02     1.08852e+03
    1.96229e-02     1.08683e+03
    1.97778e-02     1.08506e+03
    1.99339e-02     1.08321e+03
    2.00912e-02     1.08128e+03
    2.02497e-02     1.07927e+03
    2.04095e-02     1.07718e+03
    2.05705e-02     1.07500e+03
    2.07329e-02     1.07275e+03
    2.08965e-02     1.07041e+03
    2.10614e-02     1.06800e+03
    2.12276e-02     1.06550e+03
    2.13951e-02     1.06292e+03
    2.15639e-02     1.06026e+03
    2.17341e-02     1.05752e+03
    2.19056e-02     1.05469e+03
    2.20785e-02     1.05179e+03
    2.22527e-02     1.04881e+03
    2.24283e-02     1.04574e+03
    2.26053e-02     1.04260e+03
    2.27837e-02     1.03938e+03
    2.29635e-02     1.03608e+03
    2.31447e-02     1.03270e+03
    2.33273e-02     1.02923e+03
    2.35114e-02     1.02569e+03
    2.36969e-02     1.02208e+03
    2.38839e-02     1.01839e+03
    2.40724e-02     1.01462e+03
    2.42623e-02     1.01077e+03
    2.44538e-02     1.00686e+03
    2.46468e-02     1.00286e+03
    2.48413e-02     9.98800e+02
    2.50373e-02     9.94663e+02
    2.52349e-02     9.90456e+02
    2.54340e-02     9.86175e+02
    2.56347e-02     9.81827e+02
    2.58370e-02     9.77411e+02
    2.60409e-02     9.72928e+02
    2.62464e-02     9.68380e+02
    2.64535e-02     9.63768e+02
    2.66622e-02     9.59094e+02
    2.68726e-02     9.54357e+02
    2.70847e-02     9.49562e+02
    2.72984e-02     9.44705e+02
    2.75139e-02     9.39795e+02
    2.77310e-02     9.34822e+02
    2.79498e-02     9.29797e+02
    2.81704e-02     9.24722e+02
    2.83927e-02     9.19595e+02
    2.86167e-02     9.14414e+02
    2.88425e-02     9.09188e+02
    2.90701e-02     9.03915e+02
    2.92995e-02     8.98599e+02
    2.95307e-02     8.93240e+02
    2.97638e-02     8.87841e+02
    2.99986e-02     8.82400e+02
    3.02354e-02     8.76930e+02
    3.04740e-02     8.71419e+02
    3.07144e-02     8.65877e+02
    3.09568e-02     8.60305e+02
    3.12011e-02     8.54704e+02
    3.14473e-02     8.49073e+02
    3.16955e-02     8.43424e+02
    3.19456e-02     8.37750e+02
    3.21977e-02     8.32061e+02
    3.24518e-02     8.26348e+02
    3.27078e-02     8.20623e+02
    3.29659e-02     8.14885e+02
    3.32261e-02     8.09143e+02
    3.34883e-02     8.03386e+02
    3.37525e-02     7.97626e+02
    3.40189e-02     7.91860e+02
    3.42873e-02     7.86095e+02
    3.45579e-02     7.80336e+02
    3.48306e-02     7.74576e+02
    3.51055e-02     7.68826e+02
    3.53825e-02     7.63080e+02
    3.56617e-02     7.57351e+02
    3.59431e-02     7.51632e+02
    3.62268e-02     7.45934e+02
    3.65126e-02     7.40251e+02
    3.68008e-02     7.34594e+02
    3.70912e-02     7.28955e+02
    3.73839e-02     7.23344e+02
    3.76789e-02     7.17757e+02
    3.79762e-02     7.12206e+02
    3.82759e-02     7.06685e+02
    3.85779e-02     7.01196e+02
    3.88823e-02     6.95750e+02
    3.91892e-02     6.90343e+02
    3.94984e-02     6.84976e+02
    3.98101e-02     6.79654e+02
    4.01243e-02     6.74375e+02
    4.04409e-02     6.69146e+02
    4.07600e-02     6.63966e+02
    4.10817e-02     6.58838e+02
    4.14059e-02     6.53759e+02
    4.17326e-02     6.48740e+02
    4.20619e-02     6.43774e+02
    4.23938e-02     6.38865e+02
    4.27284e-02     6.34016e+02
    4.30656e-02     6.29228e+02
    4.34054e-02     6.24506e+02
    4.37479e-02     6.19842e+02
    4.40931e-02     6.15246e+02
    4.44411e-02     6.10718e+02
    4.47918e-02     6.06253e+02
    4.51452e-02     6.01855e+02
    4.55015e-02     5.97527e+02
    4.58606e-02     5.93267e+02
    4.62225e-02     5.89076e+02
    4.65872e-02     5.84953e+02
    4.69548e-02     5.80899e+02
    4.73254e-02     5.76917e+02
    4.76988e-02     5.73003e+02
    4.80752e-02     5.69160e+02
    4.84546e-02     5.65388e+02
    4.88370e-02     5.61682e+02
    4.92223e-02     5.58047e+02
    4.96108e-02     5.54481e+02
    5.00023e-02     5.50977e+02
    5.03968e-02     5.47545e+02
    5.07945e-02     5.44174e+02
    5.11954e-02     5.40868e+02
    5.15994e-02     5.37622e+02
    5.20065e-02     5.34436e+02
    5.24169e-02     5.31312e+02
    5.28306e-02     5.28243e+02
    5.32475e-02     5.25230e+02
    5.36676e-02     5.22271e+02
    5.40912e-02     5.19359e+02
    5.45180e-02     5.16497e+02
    5.49482e-02     5.13681e+02
    5.53818e-02     5.10908e+02
    5.58188e-02     5.08173e+02
    5.62593e-02     5.05474e+02
    5.67033e-02     5.02810e+02
    5.71507e-02     5.00172e+02
    5.76017e-02     4.97562e+02
    5.80563e-02     4.94980e+02
    5.85144e-02     4.92412e+02
    5.89762e-02     4.89864e+02
    5.94416e-02     4.87327e+02
    5.99106e-02     4.84797e+02
    6.03834e-02     4.82270e+02
    6.08599e-02     4.79742e+02
    6.13401e-02     4.77204e+02
    6.18242e-02     4.74662e+02
    6.23121e-02     4.72110e+02
    6.28038e-02     4.69536e+02
    6.32994e-02     4.66944e+02
    6.37989e-02     4.64327e+02
    6.43023e-02     4.61678e+02
    6.48098e-02     4.58997e+02
    6.53212e-02     4.56275e+02
    6.58367e-02     4.53511e+02
    6.63562e-02     4.50700e+02
    6.68798e-02     4.47841e+02
    6.74076e-02     4.44931e+02
    6.79395e-02     4.41965e+02
    6.84756e-02     4.38944e+02
    6.90160e-02     4.35854e+02
    6.95606e-02     4.32696e+02
    7.01095e-02     4.29474e+02
    7.06628e-02     4.26184e+02
    7.12204e-02     4.22822e+02
    7.17824e-02     4.19389e+02
    7.23489e-02     4.15879e+02
    7.29198e-02     4.12303e+02
    7.34952e-02     4.08646e+02
    7.40752e-02     4.04915e+02
    7.46597e-02     4.01110e+02
    7.52489e-02     3.97231e+02
    7.58427e-02     3.93282e+02
    7.64412e-02     3.89265e+02
    7.70444e-02     3.85175e+02
    7.76524e-02     3.81023e+02
    7.82651e-02     3.76807e+02
    7.88827e-02     3.72525e+02
    7.95052e-02     3.68196e+02
    8.01326e-02     3.63810e+02
    8.07650e-02     3.59377e+02
    8.14023e-02     3.54902e+02
    8.20447e-02     3.50385e+02
    8.26921e-02     3.45841e+02
    8.33446e-02     3.41269e+02
    8.40023e-02     3.36675e+02
    8.46652e-02     3.32072e+02
    8.53333e-02     3.27461e+02
    8.60067e-02     3.22849e+02
    8.66854e-02     3.18247e+02
    8.73694e-02     3.13658e+02
    8.80589e-02     3.09092e+02
    8.87538e-02     3.04553e+02
    8.94542e-02     3.00052e+02
    9.01601e-02     2.95599e+02
    9.08715e-02     2.91193e+02
    9.15886e-02     2.86847e+02
    9.23114e-02     2.82569e+02
    9.30398e-02     2.78357e+02
    9.37740e-02     2.74221e+02
    9.45140e-02     2.70167e+02
    9.52598e-02     2.66199e+02
    9.60116e-02     2.62326e+02
    9.67692e-02     2.58552e+02
    9.75328e-02     2.54888e+02
    9.83025e-02     2.51331e+02
    9.90782e-02     2.47880e+02
    9.98601e-02     2.44548e+02
    1.00648e-01     2.41325e+02
    1.01442e-01     2.38219e+02
    1.02243e-01     2.35234e+02
    1.03050e-01     2.32367e+02
    1.03863e-01     2.29619e+02
    1.04682e-01     2.26991e+02
    1.05508e-01     2.24483e+02
    1.06341e-01     2.22085e+02
    1.07180e-01     2.19800e+02
    1.08026e-01     2.17624e+02
    1.08878e-01     2.15548e+02
    1.09738e-01     2.13576e+02
    1.10604e-01     2.11700e+02
    1.11476e-01     2.09908e+02
    1.12356e-01     2.08204e+02
    1.13243e-01     2.06571e+02
    1.14136e-01     2.05007e+02
    1.15037e-01     2.03505e+02
    1.15945e-01     2.02051e+02
    1.16860e-01     2.00642e+02
    1.17782e-01     1.99266e+02
    1.18711e-01     1.97916e+02
    1.19648e-01     1.96582e+02
    1.20592e-01     1.95254e+02
    1.21544e-01     1.93924e+02
    1.22503e-01     1.92583e+02
    1.23470e-01     1.91215e+02
    1.24444e-01     1.89817e+02
    1.25426e-01     1.88384e+02
    1.26416e-01     1.86907e+02
    1.27413e-01     1.85377e+02
    1.28419e-01     1.83790e+02
    1.29432e-01     1.82135e+02
    1.30454e-01     1.80410e+02
    1.31483e-01     1.78612e+02
    1.32521e-01     1.76740e+02
    1.33566e-01     1.74792e+02
    1.34620e-01     1.72769e+02
    1.35683e-01     1.70669e+02
    1.36753e-01     1.68492e+02
    1.37833e-01     1.66245e+02
    1.38920e-01     1.63931e+02
    1.40017e-01     1.61559e+02
    1.41121e-01     1.59131e+02
    1.42235e-01     1.56658e+02
    1.43357e-01     1.54145e+02
    1.44489e-01     1.51603e+02
    1.45629e-01     1.49040e+02
    1.46778e-01     1.46468e+02
    1.47936e-01     1.43897e+02
    1.49104e-01     1.41339e+02
    1.50280e-01     1.38801e+02
    1.51466e-01     1.36296e+02
    1.52661e-01     1.33832e+02
    1.53866e-01     1.31420e+02
    1.55080e-01     1.29069e+02
    1.56304e-01     1.26788e+02
    1.57538e-01     1.24584e+02
    1.58781e-01     1.22460e+02
    1.60034e-01     1.20424e+02
    1.61297e-01     1.18481e+02
    1.62569e-01     1.16634e+02
    1.63852e-01     1.14885e+02
    1.65145e-01     1.13233e+02
    1.66448e-01     1.11677e+02
    1.67762e-01     1.10217e+02
    1.69086e-01     1.08850e+02
    1.70420e-01     1.07570e+02
    1.71765e-01     1.06373e+02
    1.73120e-01     1.05250e+02
    1.74486e-01     1.04195e+02
    1.75863e-01     1.03201e+02
    1.77251e-01     1.02257e+02
    1.78650e-01     1.01354e+02
    1.80060e-01     1.00482e+02
    1.81481e-01     9.96298e+01
    1.82913e-01     9.87875e+01
    1.84356e-01     9.79462e+01
    1.85811e-01     9.70954e+01
    1.87277e-01     9.62247e+01
    1.88755e-01     9.53254e+01
    1.90244e-01     9.43910e+01
    1.91746e-01     9.34169e+01
    1.93259e-01     9.23953e+01
    1.94784e-01     9.13223e+01
    1.96321e-01     9.01967e+01
    1.97870e-01     8.90195e+01
    1.99432e-01     8.77914e+01
    2.01005e-01     8.65131e+01
    2.02592e-01     8.51906e+01
    2.04190e-01     8.38288e+01
    2.05802e-01     8.24363e+01
    2.07426e-01     8.10192e+01
    2.09062e-01     7.95859e+01
    2.10712e-01     7.81471e+01
    2.12375e-01     7.67117e+01
    2.14051e-01     7.52899e+01
    2.15740e-01     7.38903e+01
    2.17442e-01     7.25208e+01
    2.19158e-01     7.11908e+01
    2.20888e-01     6.99079e+01
    2.22631e-01     6.86766e+01
    2.24388e-01     6.75012e+01
    2.26158e-01     6.63864e+01
    2.27943e-01     6.53344e+01
    2.29742e-01     6.43439e+01
    2.31555e-01     6.34137e+01
    2.33382e-01     6.25424e+01
    2.35224e-01     6.17255e+01
    2.37080e-01     6.09573e+01
    2.38951e-01     6.02321e+01
    2.40836e-01     5.95431e+01
    2.42737e-01     5.88829e+01
    2.44652e-01     5.82427e+01
    2.46583e-01     5.76144e+01
    2.48529e-01     5.69906e+01
    2.50490e-01     5.63637e+01
    2.52467e-01     5.57260e+01
    2.54459e-01     5.50720e+01
    2.56467e-01     5.43980e+01
    2.58491e-01     5.36990e+01
    2.60530e-01     5.29733e+01
    2.62586e-01     5.22211e+01
    2.64658e-01     5.14433e+01
    2.66747e-01     5.06418e+01
    2.68852e-01     4.98209e+01
    2.70973e-01     4.89847e+01
    2.73112e-01     4.81392e+01
    2.75267e-01     4.72903e+01
    2.77439e-01     4.64451e+01
    2.79628e-01     4.56097e+01
    2.81835e-01     4.47904e+01
    2.84059e-01     4.39931e+01
    2.86301e-01     4.32224e+01
    2.88560e-01     4.24818e+01
    2.90837e-01     4.17739e+01
    2.93132e-01     4.11007e+01
    2.95445e-01     4.04616e+01
    2.97777e-01     3.98561e+01
    3.00127e-01     3.92814e+01
    3.02495e-01     3.87346e+01
    3.04882e-01     3.82112e+01
    3.07288e-01     3.77067e+01
    3.09713e-01     3.72160e+01
    3.12157e-01     3.67342e+01
    3.14620e-01     3.62559e+01
    3.17103e-01     3.57766e+01
    3.19605e-01     3.52928e+01
    3.22127e-01     3.48014e+01
    3.24669e-01     3.43003e+01
    3.27231e-01     3.37891e+01
    3.29813e-01     3.32676e+01
    3.32416e-01     3.27371e+01
    3.35039e-01     3.22002e+01
    3.37683e-01     3.16594e+01
    3.40348e-01     3.11186e+01
    3.43034e-01     3.05811e+01
    3.45741e-01     3.00507e+01
    3.48469e-01     2.95312e+01
    3.51219e-01     2.90256e+01
    3.53990e-01     2.85355e+01
    3.56784e-01     2.80633e+01
    3.59599e-01     2.76089e+01
    3.62437e-01     2.71728e+01
    3.65297e-01     2.67538e+01
    3.68179e-01     2.63500e+01
    3.71085e-01     2.59595e+01
    3.74013e-01     2.55793e+01
    3.76965e-01     2.52068e+01
    3.79939e-01     2.48391e+01
    3.82937e-01     2.44737e+01
    3.85959e-01     2.41087e+01
    3.89005e-01     2.37423e+01
    3.92075e-01     2.33741e+01
    3.95169e-01     2.30037e+01
    3.98287e-01     2.26314e+01
    4.01430e-01     2.22584e+01
    4.04598e-01     2.18863e+01
    4.07791e-01     2.15168e+01
    4.11009e-01     2.11520e+01
    4.14252e-01     2.07936e+01
    4.17521e-01     2.04428e+01
    4.20816e-01     2.01013e+01
    4.24136e-01     1.97693e+01
    4.27483e-01     1.94472e+01
    4.30857e-01     1.91348e+01
    4.34257e-01     1.88311e+01
    4.37683e-01     1.85347e+01
    4.41137e-01     1.82447e+01
    4.44618e-01     1.79596e+01
    4.48127e-01     1.76782e+01
    4.51663e-01     1.73994e+01
    4.55227e-01     1.71219e+01
    4.58820e-01     1.68457e+01
    4.62440e-01     1.65707e+01
    4.66090e-01     1.62973e+01
    4.69768e-01     1.60257e+01
    4.73475e-01     1.57568e+01
    4.77211e-01     1.54912e+01
    4.80977e-01     1.52304e+01
    4.84772e-01     1.49742e+01
    4.88598e-01     1.47239e+01
    4.92453e-01     1.44792e+01
    4.96339e-01     1.42402e+01
    5.00256e-01     1.40064e+01
    5.04204e-01     1.37776e+01
    5.08182e-01     1.35531e+01
    5.12193e-01     1.33322e+01
    5.16234e-01     1.31141e+01
    5.20308e-01     1.28987e+01
    5.24414e-01     1.26855e+01
    5.28552e-01     1.24745e+01
    5.32723e-01     1.22657e+01
    5.36927e-01     1.20594e+01
    5.41164e-01     1.18559e+01
    5.45435e-01     1.16552e+01
    5.49739e-01     1.14577e+01
    5.54077e-01     1.12633e+01
    5.58449e-01     1.10717e+01
    5.62856e-01     1.08835e+01
    5.67298e-01     1.06982e+01
    5.71774e-01     1.05161e+01
    5.76286e-01     1.03370e+01
    5.80834e-01     1.01609e+01
    5.85417e-01     9.98777e+00
    5.90037e-01     9.81751e+00
    5.94693e-01     9.65041e+00
    5.99386e-01     9.48629e+00
    6.04116e-01     9.32495e+00
    6.08883e-01     9.16637e+00
    6.13688e-01     9.01072e+00
    6.18531e-01     8.85780e+00
    6.23412e-01     8.70759e+00
    6.28331e-01     8.56003e+00
    6.33289e-01     8.41508e+00
    6.38287e-01     8.27266e+00
    6.43324e-01     8.13271e+00
    6.48400e-01     7.99515e+00
    6.53517e-01     7.85992e+00
    6.58674e-01     7.72691e+00
    6.63872e-01     7.59607e+00
    6.69110e-01     7.46728e+00
    6.74391e-01     7.34047e+00
    6.79712e-01     7.21553e+00
    6.85076e-01     7.09238e+00
    6.90482e-01     6.97096e+00
    6.95931e-01     6.85131e+00
    7.01423e-01     6.73341e+00
    7.06958e-01     6.61727e+00
    7.12536e-01     6.50290e+00
    7.18159e-01     6.39031e+00
    7.23826e-01     6.27946e+00
    7.29538e-01     6.17037e+00
    7.35295e-01     6.06304e+00
    7.41098e-01     5.95745e+00
    7.46946e-01     5.85361e+00
    7.52840e-01     5.75147e+00
    7.58781e-01     5.65105e+00
    7.64769e-01     5.55232e+00
    7.70804e-01     5.45527e+00
    7.76886e-01     5.35985e+00
    7.83017e-01     5.26609e+00
    7.89196e-01     5.17394e+00
    7.95423e-01     5.08335e+00
    8.01700e-01     4.99434e+00
    8.08027e-01     4.90684e+00
    8.14403e-01     4.82083e+00
    8.20830e-01     4.73628e+00
    8.27307e-01     4.65314e+00
    8.33835e-01     4.57137e+00
    8.40415e-01     4.49094e+00
    8.47047e-01     4.41180e+00
    8.53732e-01     4.33390e+00
    8.60468e-01     4.25721e+00
    8.67259e-01     4.18175e+00
    8.74102e-01     4.10749e+00
    8.81000e-01     4.03445e+00
    8.87952e-01     3.96263e+00
    8.94959e-01     3.89200e+00
    9.02022e-01     3.82259e+00
    9.09140e-01     3.75437e+00
    9.16314e-01     3.68733e+00
    9.23545e-01     3.62148e+00
    9.30833e-01     3.55679e+00
    9.38178e-01     3.49326e+00
    9.45581e-01     3.43087e+00
    9.53043e-01     3.36960e+00
    9.60564e-01     3.30946e+00
    9.68144e-01     3.25041e+00
    9.75784e-01     3.19244e+00
    9.83484e-01     3.13552e+00
    9.91245e-01     3.07964e+00
    9.99067e-01     3.02477e+00
    1.00695e+00     2.97088e+00
    1.01490e+00     2.91797e+00
    1.02291e+00     2.86597e+00
    1.03098e+00     2.81488e+00
    1.03911e+00     2.76464e+00
    1.04731e+00     2.71527e+00
    1.05558e+00     2.66671e+00
    1.06391e+00     2.61890e+00
    1.07230e+00     2.57183e+00
    1.08076e+00     2.52549e+00
    1.08929e+00     2.47991e+00
    1.09789e+00     2.43508e+00
    1.10655e+00     2.39096e+00
    1.11528e+00     2.34759e+00
    1.12409e+00     2.30497e+00
    1.13296e+00     2.26307e+00
    1.14190e+00     2.22189e+00
    1.15091e+00     2.18143e+00
    1.15999e+00     2.14169e+00
    1.16914e+00     2.10266e+00
    1.17837e+00     2.06434e+00
    1.18767e+00     2.02671e+00
    1.19704e+00     1.98977e+00
    1.20649e+00     1.95351e+00
    1.21601e+00     1.91790e+00
    1.22560e+00     1.88295e+00
    1.23527e+00     1.84866e+00
    1.24502e+00     1.81499e+00
    1.25485e+00     1.78194e+00
    1.26475e+00     1.74948e+00
    1.27473e+00     1.71761e+00
    1.28479e+00     1.68631e+00
    1.29493e+00     1.65556e+00
    1.30515e+00     1.62534e+00
    1.31544e+00     1.59562e+00
    1.32583e+00     1.56642e+00
    1.33629e+00     1.53767e+00
    1.34683e+00     1.50939e+00
    1.35746e+00     1.48159e+00
    1.36817e+00     1.45424e+00
    1.37897e+00     1.42738e+00
    1.38985e+00     1.40097e+00
    1.40082e+00     1.37502e+00
    1.41187e+00     1.34953e+00
    1.42301e+00     1.32451e+00
    1.43424e+00     1.29993e+00
    1.44556e+00     1.27581e+00
    1.45697e+00     1.25215e+00
    1.46847e+00     1.22891e+00
    1.48005e+00     1.20610e+00
    1.49173e+00     1.18373e+00
    1.50351e+00     1.16179e+00
    1.51537e+00     1.14026e+00
    1.52733e+00     1.11913e+00
    1.53938e+00     1.09842e+00
    1.55153e+00     1.07809e+00
    1.56377e+00     1.05813e+00
    1.57611e+00     1.03856e+00
    1.58855e+00     1.01935e+00
    1.60108e+00     1.00049e+00
    1.61372e+00     9.81967e-01
    1.62645e+00     9.63781e-01
    1.63929e+00     9.45902e-01
    1.65222e+00     9.28329e-01
    1.66526e+00     9.11041e-01
    1.67840e+00     8.94041e-01
    1.69165e+00     8.77333e-01
    1.70500e+00     8.60900e-01
    1.71845e+00     8.44750e-01
    1.73201e+00     8.28878e-01
    1.74568e+00     8.13289e-01
    1.75945e+00     7.97978e-01
    1.77334e+00     7.82952e-01
    1.78733e+00     7.68200e-01
    1.80144e+00     7.53720e-01
    1.81565e+00     7.39501e-01
    1.82998e+00     7.25559e-01
    1.84442e+00     7.11879e-01
    1.85898e+00     6.98462e-01
    1.87365e+00     6.85304e-01
    1.88843e+00     6.72393e-01
    1.90333e+00     6.59732e-01
    1.91835e+00     6.47318e-01
    1.93349e+00     6.35142e-01
    1.94875e+00     6.23202e-01
    1.96413e+00     6.11487e-01
    1.97963e+00     5.99988e-01
    1.99525e+00     5.88712e-01
    2.01099e+00     5.77640e-01
    2.02686e+00     5.66767e-01
    2.04286e+00     5.56090e-01
    2.05898e+00     5.45606e-01
    2.07522e+00     5.35291e-01
    2.09160e+00     5.25147e-01
    2.10811e+00     5.15187e-01
    2.12474e+00     5.05385e-01
    2.14151e+00     4.95766e-01
    2.15841e+00     4.86313e-01
    2.17544e+00     4.77032e-01
    2.19261e+00     4.67923e-01
    2.20991e+00     4.58976e-01
    2.22735e+00     4.50199e-01
    2.24492e+00     4.41590e-01
    2.26264e+00     4.33142e-01
    2.28049e+00     4.24859e-01
    2.29849e+00     4.16729e-01
    2.31663e+00     4.08763e-01
    2.33491e+00     4.00952e-01
    2.35333e+00     3.93295e-01
    2.37190e+00     3.85786e-01
    2.39062e+00     3.78431e-01
    2.40949e+00     3.71214e-01
    2.42850e+00     3.64140e-01
    2.44766e+00     3.57202e-01
    2.46698e+00     3.50400e-01
    2.48645e+00     3.43726e-01
    2.50607e+00     3.37179e-01
    2.52584e+00     3.30753e-01
    2.54578e+00     3.24445e-01
    2.56587e+00     3.18249e-01
    2.58611e+00     3.12158e-01
    2.60652e+00     3.06174e-01
    2.62709e+00     3.00291e-01
    2.64782e+00     2.94511e-01
    2.66871e+00     2.88833e-01
    2.68977e+00     2.83257e-01
    2.71100e+00     2.77783e-01
    2.73239e+00     2.72410e-01
    2.75395e+00     2.67137e-01
    2.77569e+00     2.61964e-01
    2.79759e+00     2.56889e-01
    2.81967e+00     2.51912e-01
    2.84192e+00     2.47032e-01
    2.86434e+00     2.42247e-01
    2.88695e+00     2.37556e-01
    2.90973e+00     2.32959e-01
    2.93269e+00     2.28452e-01
    2.95583e+00     2.24035e-01
    2.97916e+00     2.19707e-01
    3.00267e+00     2.15464e-01
    3.02636e+00     2.11305e-01
    3.05024e+00     2.07229e-01
    3.07431e+00     2.03232e-01
    3.09857e+00     1.99314e-01
    3.12302e+00     1.95471e-01
    3.14767e+00     1.91700e-01
    3.17251e+00     1.88000e-01
    3.19754e+00     1.84367e-01
    3.22278e+00     1.80798e-01
    3.24821e+00     1.77291e-01
    3.27384e+00     1.73845e-01
    3.29967e+00     1.70460e-01
    3.32571e+00     1.67135e-01
    3.35196e+00     1.63871e-01
    3.37841e+00     1.60667e-01
    3.40507e+00     1.57523e-01
    3.43194e+00     1.54438e-01
    3.45902e+00     1.51412e-01
    3.48632e+00     1.48445e-01
    3.51383e+00     1.45535e-01
    3.54155e+00     1.42682e-01
    3.56950e+00     1.39886e-01
    3.59767e+00     1.37146e-01
    3.62606e+00     1.34461e-01
    3.65467e+00     1.31830e-01
    3.68351e+00     1.29252e-01
    3.71258e+00     1.26726e-01
    3.74188e+00     1.24251e-01
    3.77141e+00     1.21826e-01
    3.80117e+00     1.19449e-01
    3.83116e+00     1.17120e-01
    3.86140e+00     1.14837e-01
    3.89187e+00     1.12599e-01
    3.92258e+00     1.10404e-01
    3.95353e+00     1.08250e-01
    3.98473e+00     1.06137e-01
    4.01617e+00     1.04061e-01
    4.04787e+00     1.02022e-01
    4.07981e+00     1.00019e-01
    4.11200e+00     9.80515e-02
    4.14445e+00     9.61196e-02
    4.17716e+00     9.42235e-02
    4.21012e+00     9.23621e-02
    4.24334e+00     9.05354e-02
    4.27683e+00     8.87444e-02
    4.31058e+00     8.69871e-02
    4.34459e+00     8.52646e-02
    4.37888e+00     8.35758e-02
    4.41343e+00     8.19204e-02
    4.44826e+00     8.02985e-02
    4.48336e+00     7.87092e-02
    4.51874e+00     7.71520e-02
    4.55440e+00     7.56262e-02
    4.59034e+00     7.41319e-02
    4.62656e+00     7.26681e-02
    4.66307e+00     7.12343e-02
    4.69987e+00     6.98296e-02
    4.73696e+00     6.84536e-02
    4.77434e+00     6.71055e-02
    4.81201e+00     6.57843e-02
    4.84999e+00     6.44891e-02
    4.88826e+00     6.32197e-02
    4.92683e+00     6.19745e-02
    4.96571e+00     6.07528e-02
    5.00490e+00     5.95536e-02
    5.04439e+00     5.83763e-02
    5.08420e+00     5.72196e-02
    5.12432e+00     5.60833e-02
    5.16476e+00     5.49683e-02
    5.20551e+00     5.38734e-02
    5.24659e+00     5.27992e-02
    5.28799e+00     5.17453e-02
    5.32972e+00     5.07116e-02
    5.37178e+00     4.96981e-02
    5.41417e+00     4.87046e-02
    5.45689e+00     4.77309e-02
    5.49995e+00     4.67766e-02
    5.54335e+00     4.58415e-02
    5.58710e+00     4.49255e-02
    5.63119e+00     4.40280e-02
    5.67562e+00     4.31493e-02
    5.72041e+00     4.22886e-02
    5.76555e+00     4.14456e-02
    5.81105e+00     4.06200e-02
    5.85691e+00     3.98116e-02
    5.90312e+00     3.90198e-02
    5.94971e+00     3.82443e-02
    5.99666e+00     3.74842e-02
    6.04398e+00     3.67398e-02
    6.09167e+00     3.60101e-02
    6.13974e+00     3.52946e-02
    6.18819e+00     3.45928e-02
    6.23703e+00     3.39045e-02
    6.28624e+00     3.32282e-02
    6.33585e+00     3.25644e-02
    6.38585e+00     3.19126e-02
    6.43624e+00     3.12727e-02
    6.48703e+00     3.06446e-02
    6.53822e+00     3.00283e-02
    6.58982e+00     2.94238e-02
    6.64182e+00     2.88311e-02
    6.69423e+00     2.82500e-02
    6.74705e+00     2.76803e-02
    6.80030e+00     2.71221e-02
    6.85396e+00     2.65748e-02
    6.90805e+00     2.60391e-02
    6.96256e+00     2.55142e-02
    7.01750e+00     2.50003e-02
    7.07288e+00     2.44968e-02
    7.12869e+00     2.40039e-02
    7.18495e+00     2.35212e-02
    7.24164e+00     2.30486e-02
    7.29879e+00     2.25861e-02
    7.35639e+00     2.21330e-02
    7.41444e+00     2.16892e-02
    7.47295e+00     2.12550e-02
    7.53192e+00     2.08290e-02
    7.59135e+00     2.04122e-02
    7.65126e+00     2.00032e-02
    7.71163e+00     1.96024e-02
    7.77249e+00     1.92092e-02
    7.83382e+00     1.88233e-02
    7.89564e+00     1.84444e-02
    7.95795e+00     1.80723e-02
    8.02075e+00     1.77072e-02
    8.08404e+00     1.73489e-02
    8.14783e+00     1.69973e-02
    8.21213e+00     1.66523e-02
    8.27693e+00     1.63142e-02
    8.34225e+00     1.59830e-02
    8.40808e+00     1.56580e-02
    8.47443e+00     1.53398e-02
    8.54130e+00     1.50279e-02
    8.60870e+00     1.47225e-02
    8.67664e+00     1.44234e-02
    8.74510e+00     1.41306e-02
    8.81411e+00     1.38437e-02
    8.88367e+00     1.35628e-02
    8.95377e+00     1.32881e-02
    9.02443e+00     1.30189e-02
    9.09564e+00     1.27556e-02
    9.16742e+00     1.24977e-02
    9.23976e+00     1.22453e-02
    9.31267e+00     1.19981e-02
    9.38616e+00     1.17560e-02
    9.46023e+00     1.15188e-02
    9.53488e+00     1.12864e-02
    9.61012e+00     1.10586e-02
    9.68596e+00     1.08352e-02
    9.76239e+00     1.06160e-02
    9.83943e+00     1.04009e-02
    9.91708e+00     1.01897e-02
    9.99533e+00     9.98232e-03
    1.00742e+01     9.77890e-03
    1.01537e+01     9.57934e-03
    1.02338e+01     9.38361e-03
    1.03146e+01     9.19178e-03
    1.03960e+01     9.00371e-03
    1.04780e+01     8.81936e-03
    1.05607e+01     8.63880e-03
    1.06440e+01     8.46188e-03
    1.07280e+01     8.28865e-03
    1.08127e+01     8.11904e-03
    1.08980e+01     7.95293e-03
    1.09840e+01     7.79034e-03
    1.10707e+01     7.63121e-03
    1.11581e+01     7.47544e-03
    1.12461e+01     7.32294e-03
    1.13349e+01     7.17373e-03
    1.14243e+01     7.02765e-03
    1.15144e+01     6.88462e-03
    1.16053e+01     6.74467e-03
    1.16969e+01     6.60762e-03
    1.17892e+01     6.47338e-03
    1.18822e+01     6.34187e-03
    1.19760e+01     6.21300e-03
    1.20705e+01     6.08666e-03
    1.21657e+01     5.96273e-03
    1.22618e+01     5.84118e-03
    1.23585e+01     5.72179e-03
    1.24560e+01     5.60462e-03
    1.25543e+01     5.48968e-03
    1.26534e+01     5.37694e-03
    1.27532e+01     5.26636e-03
    1.28539e+01     5.15798e-03
    1.29553e+01     5.05174e-03
    1.30576e+01     4.94766e-03
    1.31606e+01     4.84566e-03
    1.32644e+01     4.74576e-03
    1.33691e+01     4.64794e-03
    1.34746e+01     4.55217e-03
    1.35809e+01     4.45841e-03
    1.36881e+01     4.36666e-03
    1.37961e+01     4.27684e-03
    1.39050e+01     4.18894e-03
    1.40147e+01     4.10291e-03
    1.41253e+01     4.01874e-03
    1.42368e+01     3.93637e-03
    1.43491e+01     3.85573e-03
    1.44624e+01     3.77682e-03
    1.45765e+01     3.69956e-03
    1.46915e+01     3.62392e-03
    1.48075e+01     3.54984e-03
    1.49243e+01     3.47725e-03
    1.50421e+01     3.40612e-03
    1.51608e+01     3.33636e-03
    1.52804e+01     3.26793e-03
    1.54010e+01     3.20076e-03
    1.55225e+01     3.13483e-03
    1.56450e+01     3.07016e-03
    1.57685e+01     3.00673e-03
    1.58929e+01     2.94453e-03
    1.60183e+01     2.88356e-03
    1.61447e+01     2.82381e-03
    1.62721e+01     2.76525e-03
    1.64005e+01     2.70790e-03
    1.65300e+01     2.65175e-03
    1.66604e+01     2.59674e-03
    1.67919e+01     2.54289e-03
    1.69244e+01     2.49019e-03
    1.70579e+01     2.43860e-03
    1.71925e+01     2.38813e-03
    1.73282e+01     2.33872e-03
    1.74649e+01     2.29040e-03
    1.76028e+01     2.24312e-03
    1.77417e+01     2.19684e-03
    1.78817e+01     2.15157e-03
    1.80228e+01     2.10725e-03
    1.81650e+01     2.06389e-03
    1.83083e+01     2.02142e-03
    1.84528e+01     1.97984e-03
    1.85984e+01     1.93913e-03
    1.87452e+01     1.89924e-03
    1.88931e+01     1.86011e-03
    1.90422e+01     1.82176e-03
    1.91925e+01     1.78411e-03
    1.93439e+01     1.74717e-03
    1.94966e+01     1.71093e-03
    1.96504e+01     1.67538e-03
    1.98055e+01     1.64054e-03
    1.99618e+01     1.60637e-03
    2.01193e+01     1.57289e-03
    2.02781e+01     1.54009e-03
    2.04381e+01     1.50797e-03
    2.05994e+01     1.47650e-03
    2.07619e+01     1.44569e-03
    2.09258e+01     1.41554e-03
    2.10909e+01     1.38602e-03
    2.12573e+01     1.35715e-03
    2.14251e+01     1.32889e-03
    2.15941e+01     1.30123e-03
    2.17646e+01     1.27418e-03
    2.19363e+01     1.24771e-03
    2.21094e+01     1.22182e-03
    2.22839e+01     1.19649e-03
    2.24597e+01     1.17170e-03
    2.26370e+01     1.14745e-03
    2.28156e+01     1.12370e-03
    2.29956e+01     1.10046e-03
    2.31771e+01     1.07770e-03
    2.33600e+01     1.05541e-03
    2.35443e+01     1.03356e-03
    2.37301e+01     1.01213e-03
    2.39174e+01     9.91112e-04
    2.41061e+01     9.70486e-04
    2.42963e+01     9.50253e-04
    2.44881e+01     9.30414e-04
    2.46813e+01     9.10948e-04
    2.48761e+01     8.91879e-04
    2.50724e+01     8.73192e-04
    2.52702e+01     8.54882e-04
    2.54696e+01     8.36949e-04
    2.56706e+01     8.19391e-04
    2.58732e+01     8.02203e-04
    2.60774e+01     7.85373e-04
    2.62832e+01     7.68907e-04
    2.64906e+01     7.52792e-04
    2.66996e+01     7.37024e-04
    2.69103e+01     7.21594e-04
    2.71227e+01     7.06507e-04
    2.73367e+01     6.91749e-04
    2.75524e+01     6.77309e-04
    2.77698e+01     6.63193e-04
    2.79890e+01     6.49372e-04
    2.82098e+01     6.35858e-04
    2.84324e+01     6.22624e-04
    2.86568e+01     6.09677e-04
    2.88829e+01     5.97002e-04
    2.91109e+01     5.84584e-04
    2.93406e+01     5.72414e-04
    2.95721e+01     5.60495e-04
    2.98055e+01     5.48796e-04
    3.00407e+01     5.37317e-04
    3.02777e+01     5.26062e-04
    3.05167e+01     5.15017e-04
    3.07575e+01     5.04194e-04
    3.10002e+01     4.93585e-04
    3.12448e+01     4.83186e-04
    3.14914e+01     4.72999e-04
    3.17399e+01     4.63028e-04
    3.19904e+01     4.53264e-04
    3.22428e+01     4.43696e-04
    3.24972e+01     4.34339e-04
    3.27537e+01     4.25186e-04
    3.30121e+01     4.16222e-04
    3.32727e+01     4.07457e-04
    3.35352e+01     3.98881e-04
    3.37998e+01     3.90492e-04
    3.40666e+01     3.82290e-04
    3.43354e+01     3.74266e-04
    3.46063e+01     3.66417e-04
    3.48794e+01     3.58740e-04
    3.51547e+01     3.51232e-04
    3.54321e+01     3.43884e-04
    3.57117e+01     3.36693e-04
    3.59935e+01     3.29654e-04
    3.62775e+01     3.22762e-04
    3.65638e+01     3.16011e-04
    3.68523e+01     3.09394e-04
    3.71431e+01     3.02906e-04
    3.74363e+01     2.96542e-04
    3.77317e+01     2.90298e-04
    3.80294e+01     2.84175e-04
    3.83295e+01     2.78172e-04
    3.86320e+01     2.72289e-04
    3.89368e+01     2.66523e-04
    3.92441e+01     2.60876e-04
    3.95538e+01     2.55346e-04
    3.98659e+01     2.49931e-04
    4.01805e+01     2.44630e-04
    4.04976e+01     2.39442e-04
    4.08171e+01     2.34365e-04
    4.11392e+01     2.29398e-04
    4.14639e+01     2.24540e-04
    4.17911e+01     2.19787e-04
    4.21209e+01     2.15140e-04
    4.24532e+01     2.10593e-04
    4.27883e+01     2.06149e-04
    4.31259e+01     2.01801e-04
    4.34662e+01     1.97549e-04
    4.38092e+01     1.93390e-04
    4.41549e+01     1.89321e-04
    4.45034e+01     1.85341e-04
    4.48546e+01     1.81445e-04
    4.52085e+01     1.77630e-04
    4.55653e+01     1.73895e-04
    4.59248e+01     1.70235e-04
    4.62872e+01     1.66647e-04
    4.66525e+01     1.63128e-04
    4.70206e+01     1.59675e-04
    4.73917e+01     1.56290e-04
    4.77657e+01     1.52972e-04
    4.81426e+01     1.49719e-04
    4.85225e+01     1.46531e-04
    4.89054e+01     1.43409e-04
    4.92913e+01     1.40352e-04
    4.96803e+01     1.37358e-04
    5.00723e+01     1.34428e-04
    5.04675e+01     1.31561e-04
    5.08657e+01     1.28755e-04
    5.12671e+01     1.26010e-04
    5.16717e+01     1.23325e-04
    5.20794e+01     1.20699e-04
    5.24904e+01     1.18131e-04
    5.29046e+01     1.15620e-04
    5.33221e+01     1.13164e-04
    5.37429e+01     1.10763e-04
    5.41670e+01     1.08415e-04
    5.45944e+01     1.06119e-04
    5.50252e+01     1.03873e-04
    5.54594e+01     1.01676e-04
    5.58971e+01     9.95263e-05
    5.63382e+01     9.74224e-05
    5.67827e+01     9.53622e-05
    5.72308e+01     9.33441e-05
    5.76825e+01     9.13668e-05
    5.81376e+01     8.94280e-05
    5.85964e+01     8.75258e-05
    5.90588e+01     8.56609e-05
    5.95249e+01     8.38331e-05
    5.99946e+01     8.20413e-05
    6.04680e+01     8.02860e-05
    6.09452e+01     7.85665e-05
    6.14261e+01     7.68828e-05
    6.19108e+01     7.52348e-05
    6.23994e+01     7.36211e-05
    6.28918e+01     7.20425e-05
    6.33881e+01     7.04977e-05
    6.38883e+01     6.89863e-05
    6.43925e+01     6.75078e-05
    6.49006e+01     6.60622e-05
    6.54127e+01     6.46483e-05
    6.59289e+01     6.32659e-05
    6.64492e+01     6.19138e-05
    6.69735e+01     6.05917e-05
    6.75020e+01     5.92989e-05
    6.80347e+01     5.80344e-05
    6.85716e+01     5.67973e-05
    6.91127e+01     5.55870e-05
    6.96581e+01     5.44029e-05
    7.02078e+01     5.32435e-05
    7.07618e+01     5.21085e-05
    7.13202e+01     5.09961e-05
    7.18830e+01     4.99061e-05
    7.24503e+01     4.88366e-05
    7.30220e+01     4.77876e-05
    7.35982e+01     4.67580e-05
    7.41790e+01     4.57485e-05
    7.47643e+01     4.47587e-05
    7.53543e+01     4.37891e-05
    7.59490e+01     4.28389e-05
    7.65483e+01     4.19082e-05
    7.71524e+01     4.09969e-05
    7.77612e+01     4.01053e-05
    7.83748e+01     3.92323e-05
    7.89933e+01     3.83791e-05
    7.96166e+01     3.75443e-05
    8.02449e+01     3.67284e-05
    8.08781e+01     3.59309e-05
    8.15164e+01     3.51514e-05
    8.21596e+01     3.43903e-05
    8.28080e+01     3.36468e-05
    8.34614e+01     3.29206e-05
    8.41200e+01     3.22117e-05
    8.47838e+01     3.15195e-05
    8.54529e+01     3.08438e-05
    8.61272e+01     3.01845e-05
    8.68069e+01     2.95407e-05
    8.74919e+01     2.89126e-05
    8.81823e+01     2.82994e-05
    8.88782e+01     2.77009e-05
    8.95795e+01     2.71162e-05
    9.02864e+01     2.65453e-05
    9.09989e+01     2.59877e-05
    9.17170e+01     2.54430e-05
    9.24407e+01     2.49109e-05
    9.31702e+01     2.43908e-05
    9.39054e+01     2.38828e-05
    9.46465e+01     2.33859e-05
    9.53933e+01     2.29002e-05
    9.61461e+01     2.24254e-05
    9.69048e+01     2.19604e-05
    9.76695e+01     2.15055e-05
    9.84402e+01     2.10596e-05
    9.92171e+01     2.06229e-05
    1.00000e+02     2.01942e-05
