0.125000 0.001626 0.001626
0.375000 0.024390 0.006298
0.625000 0.022764 0.006084
0.875000 0.006504 0.003252
1.125000 0.001626 0.001626
1.375000 0.000000 0.000000
1.625000 0.000000 0.000000
1.875000 0.052033 0.009198
2.125000 0.066667 0.010412
2.375000 0.074797 0.011028
2.625000 0.016260 0.005142
2.875000 0.055285 0.009481
3.125000 0.237398 0.019647
3.375000 0.395122 0.025347
3.625000 0.471545 0.027690
3.875000 0.447154 0.026964
4.125000 1.112195 0.042526
4.375000 0.800000 0.036067
4.625000 0.112195 0.013507
4.875000 0.052033 0.009198
5.125000 0.035772 0.007627
5.375000 0.014634 0.004878
