0.125000 0.001186 0.001186
0.375000 0.028453 0.005808
0.625000 0.124481 0.012148
0.875000 0.073503 0.009335
1.125000 0.014226 0.004107
1.375000 0.001186 0.001186
1.625000 0.018969 0.004742
1.875000 0.265560 0.017743
2.125000 0.130409 0.012434
2.375000 0.113811 0.011616
2.625000 0.363960 0.020772
2.875000 0.414938 0.022179
3.125000 0.417309 0.022243
3.375000 0.406639 0.021956
3.625000 0.272673 0.017980
3.875000 0.259632 0.017544
4.125000 0.577356 0.026163
4.375000 0.468287 0.023562
4.625000 0.035566 0.006493
4.875000 0.011855 0.003749
5.125000 0.000000 0.000000
5.375000 0.000000 0.000000
