0.125000 0.021004 0.007001
0.375000 0.067678 0.012567
0.625000 0.070012 0.012782
0.875000 0.035006 0.009038
1.125000 0.018670 0.006601
1.375000 0.102684 0.015480
1.625000 0.165694 0.019664
1.875000 0.275379 0.025351
2.125000 0.497083 0.034060
2.375000 0.396733 0.030428
2.625000 0.844807 0.044402
2.875000 0.877480 0.045253
3.125000 0.462077 0.032838
3.375000 0.121354 0.016829
3.625000 0.002334 0.002334
3.875000 0.002334 0.002334
4.125000 0.002334 0.002334
4.375000 0.028005 0.008084
4.625000 0.007001 0.004042
4.875000 0.002334 0.002334
5.125000 0.000000 0.000000
5.375000 0.000000 0.000000
