0.125000 0.000812 0.000469
0.375000 0.010559 0.001691
0.625000 0.041966 0.003371
0.875000 0.016245 0.002097
1.125000 0.004061 0.001049
1.375000 0.060647 0.004052
1.625000 0.062542 0.004115
1.875000 0.089346 0.004918
2.125000 0.256938 0.008341
2.375000 0.430215 0.010793
2.625000 0.935427 0.015914
2.875000 0.610803 0.012860
3.125000 0.641126 0.013175
3.375000 0.577772 0.012507
3.625000 0.087180 0.004858
3.875000 0.064979 0.004194
4.125000 0.088805 0.004903
4.375000 0.020577 0.002360
4.625000 0.000000 0.000000
4.875000 0.000000 0.000000
5.125000 0.000000 0.000000
5.375000 0.000000 0.000000
