2.200000e+01 6.010760e-07
2.210000e+01 3.393688e-06
2.220000e+01 1.690344e-05
2.230000e+01 7.466715e-05
2.240000e+01 2.949424e-04
2.250000e+01 1.053572e-03
2.260000e+01 3.426065e-03
2.270000e+01 1.020011e-02
2.280000e+01 2.814779e-02
2.290000e+01 7.213771e-02
2.300000e+01 1.730362e-01
2.310000e+01 3.899408e-01
2.320000e+01 8.303336e-01
2.330000e+01 1.678624e+00
2.340000e+01 3.231887e+00
2.350000e+01 5.957364e+00
2.360000e+01 1.052456e+01
2.370000e+01 1.791260e+01
2.380000e+01 2.944924e+01
2.390000e+01 4.685370e+01
2.400000e+01 7.234430e+01
2.410000e+01 1.087007e+02
2.420000e+01 1.591941e+02
2.430000e+01 2.277765e+02
2.440000e+01 3.188499e+02
2.450000e+01 4.375291e+02
2.460000e+01 5.893089e+02
2.470000e+01 7.803198e+02
2.480000e+01 1.017149e+03
2.490000e+01 1.306585e+03
2.500000e+01 1.656360e+03
2.510000e+01 2.072901e+03
2.520000e+01 2.565062e+03
2.530000e+01 3.139711e+03
2.540000e+01 3.805435e+03
2.550000e+01 4.570136e+03
2.560000e+01 5.442177e+03
2.570000e+01 6.429892e+03
2.580000e+01 7.542024e+03
2.590000e+01 8.786090e+03
2.600000e+01 1.017044e+04
2.610000e+01 1.170417e+04
2.620000e+01 1.339652e+04
2.630000e+01 1.525530e+04
2.640000e+01 1.728883e+04
