2.200000e+01 7.669274e-04
2.210000e+01 2.455291e-03
2.220000e+01 7.231315e-03
2.230000e+01 1.977227e-02
2.240000e+01 4.985540e-02
2.250000e+01 1.176858e-01
2.260000e+01 2.623551e-01
2.270000e+01 5.496673e-01
2.280000e+01 1.093771e+00
2.290000e+01 2.081749e+00
2.300000e+01 3.778707e+00
2.310000e+01 6.589908e+00
2.320000e+01 1.109604e+01
2.330000e+01 1.802581e+01
2.340000e+01 2.837752e+01
2.350000e+01 4.347109e+01
2.360000e+01 6.478956e+01
2.370000e+01 9.421320e+01
2.380000e+01 1.341272e+02
2.390000e+01 1.869146e+02
2.400000e+01 2.555891e+02
2.410000e+01 3.436415e+02
2.420000e+01 4.544362e+02
2.430000e+01 5.921007e+02
2.440000e+01 7.614004e+02
2.450000e+01 9.663980e+02
2.460000e+01 1.212520e+03
2.470000e+01 1.505336e+03
2.480000e+01 1.850028e+03
2.490000e+01 2.252851e+03
2.500000e+01 2.720554e+03
2.510000e+01 3.259032e+03
2.520000e+01 3.875863e+03
2.530000e+01 4.578810e+03
2.540000e+01 5.374936e+03
2.550000e+01 6.272260e+03
2.560000e+01 7.281846e+03
2.570000e+01 8.409511e+03
2.580000e+01 9.666379e+03
2.590000e+01 1.106547e+04
2.600000e+01 1.261335e+04
2.610000e+01 1.432313e+04
2.620000e+01 1.621014e+04
2.630000e+01 1.828328e+04
2.640000e+01 2.055757e+04
