5.000000e-02 1.200000e+01
1.500000e-01 7.000000e+00
2.500000e-01 5.000000e+00
3.500000e-01 2.000000e+01
4.500000e-01 1.900000e+01
5.500000e-01 2.000000e+01
6.500000e-01 2.300000e+01
7.500000e-01 1.600000e+01
8.500000e-01 2.000000e+01
9.500000e-01 1.600000e+01
1.050000e+00 1.800000e+01
1.150000e+00 1.500000e+01
1.250000e+00 1.600000e+01
1.350000e+00 5.000000e+00
1.450000e+00 1.900000e+01
1.550000e+00 1.600000e+01
1.650000e+00 1.900000e+01
1.750000e+00 1.600000e+01
1.850000e+00 8.000000e+00
1.950000e+00 8.000000e+00
2.050000e+00 8.000000e+00
2.150000e+00 7.000000e+00
2.250000e+00 1.200000e+01
2.350000e+00 1.400000e+01
2.450000e+00 1.100000e+01
2.550000e+00 1.000000e+01
2.650000e+00 1.000000e+01
2.750000e+00 8.000000e+00
2.850000e+00 3.000000e+00
2.950000e+00 3.000000e+00
3.050000e+00 2.000000e+00
3.150000e+00 7.000000e+00
3.250000e+00 8.000000e+00
3.350000e+00 0.000000e+00
3.450000e+00 1.000000e+00
3.550000e+00 4.000000e+00
3.650000e+00 1.000000e+00
3.750000e+00 2.000000e+00
3.850000e+00 2.000000e+00
3.950000e+00 2.000000e+00
4.050000e+00 1.000000e+00
4.150000e+00 2.000000e+00
4.250000e+00 1.000000e+00
4.350000e+00 1.000000e+00
4.450000e+00 1.000000e+00
4.550000e+00 1.000000e+00
4.650000e+00 2.000000e+00
4.750000e+00 2.000000e+00
4.850000e+00 2.000000e+00
4.950000e+00 2.000000e+00
5.050000e+00 1.000000e+00
5.150000e+00 0.000000e+00
5.250000e+00 0.000000e+00
5.350000e+00 0.000000e+00
5.450000e+00 1.000000e+00
5.550000e+00 0.000000e+00
5.650000e+00 0.000000e+00
5.750000e+00 0.000000e+00
5.850000e+00 0.000000e+00
