5.000000e-02 2.400000e+01
1.500000e-01 1.000000e+02
2.500000e-01 9.900000e+01
3.500000e-01 0.000000e+00
4.500000e-01 0.000000e+00
5.500000e-01 0.000000e+00
6.500000e-01 0.000000e+00
7.500000e-01 0.000000e+00
8.500000e-01 0.000000e+00
9.500000e-01 0.000000e+00
1.050000e+00 0.000000e+00
1.150000e+00 0.000000e+00
1.250000e+00 0.000000e+00
1.350000e+00 1.000000e+00
1.450000e+00 0.000000e+00
1.550000e+00 0.000000e+00
1.650000e+00 0.000000e+00
1.750000e+00 0.000000e+00
1.850000e+00 0.000000e+00
1.950000e+00 0.000000e+00
2.050000e+00 0.000000e+00
2.150000e+00 0.000000e+00
2.250000e+00 0.000000e+00
2.350000e+00 7.900000e+01
2.450000e+00 2.350000e+02
2.550000e+00 2.540000e+02
2.650000e+00 2.700000e+02
2.750000e+00 2.180000e+02
2.850000e+00 2.490000e+02
2.950000e+00 2.300000e+02
3.050000e+00 2.220000e+02
3.150000e+00 2.030000e+02
3.250000e+00 2.120000e+02
3.350000e+00 1.820000e+02
3.450000e+00 1.640000e+02
3.550000e+00 6.300000e+01
3.650000e+00 0.000000e+00
3.750000e+00 0.000000e+00
3.850000e+00 0.000000e+00
3.950000e+00 0.000000e+00
4.050000e+00 0.000000e+00
4.150000e+00 0.000000e+00
4.250000e+00 0.000000e+00
4.350000e+00 0.000000e+00
4.450000e+00 0.000000e+00
4.550000e+00 0.000000e+00
4.650000e+00 0.000000e+00
4.750000e+00 0.000000e+00
4.850000e+00 0.000000e+00
4.950000e+00 0.000000e+00
5.050000e+00 0.000000e+00
5.150000e+00 0.000000e+00
5.250000e+00 0.000000e+00
5.350000e+00 0.000000e+00
5.450000e+00 0.000000e+00
5.550000e+00 0.000000e+00
5.650000e+00 0.000000e+00
5.750000e+00 0.000000e+00
5.850000e+00 0.000000e+00
