5.000000e-02 6.100000e+01
1.500000e-01 1.000000e+02
2.500000e-01 9.300000e+01
3.500000e-01 5.500000e+01
4.500000e-01 4.000000e+01
5.500000e-01 7.600000e+01
6.500000e-01 8.500000e+01
7.500000e-01 0.000000e+00
8.500000e-01 2.000000e+01
9.500000e-01 1.380000e+02
1.050000e+00 0.000000e+00
1.150000e+00 1.030000e+02
1.250000e+00 1.080000e+02
1.350000e+00 2.630000e+02
1.450000e+00 2.280000e+02
1.550000e+00 1.880000e+02
1.650000e+00 2.990000e+02
1.750000e+00 4.030000e+02
1.850000e+00 3.700000e+02
1.950000e+00 4.610000e+02
2.050000e+00 4.130000e+02
2.150000e+00 3.910000e+02
2.250000e+00 3.380000e+02
2.350000e+00 2.940000e+02
2.450000e+00 2.350000e+02
2.550000e+00 2.540000e+02
2.650000e+00 2.700000e+02
2.750000e+00 2.180000e+02
2.850000e+00 2.490000e+02
2.950000e+00 2.300000e+02
3.050000e+00 2.220000e+02
3.150000e+00 2.030000e+02
3.250000e+00 2.120000e+02
3.350000e+00 1.820000e+02
3.450000e+00 1.640000e+02
3.550000e+00 1.150000e+02
3.650000e+00 1.070000e+02
3.750000e+00 1.020000e+02
3.850000e+00 8.600000e+01
3.950000e+00 8.300000e+01
4.050000e+00 6.800000e+01
4.150000e+00 7.800000e+01
4.250000e+00 8.000000e+01
4.350000e+00 7.200000e+01
4.450000e+00 8.200000e+01
4.550000e+00 6.600000e+01
4.650000e+00 7.000000e+01
4.750000e+00 5.500000e+01
4.850000e+00 2.900000e+01
4.950000e+00 2.400000e+01
5.050000e+00 1.200000e+01
5.150000e+00 1.600000e+01
5.250000e+00 1.800000e+01
5.350000e+00 1.500000e+01
5.450000e+00 2.000000e+01
5.550000e+00 1.000000e+01
5.650000e+00 2.600000e+01
5.750000e+00 4.000000e+00
5.850000e+00 0.000000e+00
