2.200000e+01 7.630021e-04
2.210000e+01 2.445020e-03
2.220000e+01 7.196408e-03
2.230000e+01 1.970956e-02
2.240000e+01 4.968984e-02
2.250000e+01 1.173124e-01
2.260000e+01 2.616671e-01
2.270000e+01 5.481978e-01
2.280000e+01 1.090966e+00
2.290000e+01 2.077376e+00
2.300000e+01 3.771538e+00
2.310000e+01 6.577800e+00
2.320000e+01 1.107929e+01
2.330000e+01 1.800198e+01
2.340000e+01 2.834098e+01
2.350000e+01 4.343054e+01
2.360000e+01 6.472931e+01
2.370000e+01 9.414109e+01
2.380000e+01 1.340340e+02
2.390000e+01 1.868002e+02
2.400000e+01 2.554625e+02
2.410000e+01 3.434980e+02
2.420000e+01 4.543230e+02
2.430000e+01 5.919875e+02
2.440000e+01 7.611769e+02
2.450000e+01 9.663364e+02
2.460000e+01 1.212457e+03
2.470000e+01 1.505308e+03
2.480000e+01 1.850093e+03
2.490000e+01 2.252879e+03
2.500000e+01 2.720744e+03
2.510000e+01 3.259540e+03
2.520000e+01 3.876292e+03
2.530000e+01 4.579947e+03
2.540000e+01 5.376294e+03
2.550000e+01 6.274013e+03
2.560000e+01 7.284011e+03
2.570000e+01 8.412288e+03
2.580000e+01 9.670093e+03
2.590000e+01 1.106952e+04
2.600000e+01 1.261830e+04
2.610000e+01 1.432907e+04
2.620000e+01 1.621661e+04
2.630000e+01 1.829096e+04
2.640000e+01 2.056753e+04
