2.200000e+01 3.272565e-08
2.210000e+01 1.972534e-07
2.220000e+01 1.096789e-06
2.230000e+01 5.092182e-06
2.240000e+01 2.047597e-05
2.250000e+01 7.782747e-05
2.260000e+01 2.586478e-04
2.270000e+01 7.671270e-04
2.280000e+01 2.187344e-03
2.290000e+01 5.612256e-03
2.300000e+01 1.324732e-02
2.310000e+01 3.017509e-02
2.320000e+01 6.361801e-02
2.330000e+01 1.257642e-01
2.340000e+01 2.420808e-01
2.350000e+01 4.396079e-01
2.360000e+01 7.578308e-01
2.370000e+01 1.280583e+00
2.380000e+01 2.071643e+00
2.390000e+01 3.219071e+00
2.400000e+01 4.926716e+00
2.410000e+01 7.286664e+00
2.420000e+01 1.045516e+01
2.430000e+01 1.481044e+01
2.440000e+01 2.044541e+01
2.450000e+01 2.757224e+01
2.460000e+01 3.681310e+01
2.470000e+01 4.819899e+01
2.480000e+01 6.189772e+01
2.490000e+01 7.892620e+01
2.500000e+01 9.907152e+01
2.510000e+01 1.225152e+02
2.520000e+01 1.506554e+02
2.530000e+01 1.830556e+02
2.540000e+01 2.197892e+02
2.550000e+01 2.625942e+02
2.560000e+01 3.109418e+02
2.570000e+01 3.646559e+02
2.580000e+01 4.260970e+02
2.590000e+01 4.943594e+02
2.600000e+01 5.688567e+02
2.610000e+01 6.528707e+02
2.620000e+01 7.449336e+02
2.630000e+01 8.446140e+02
2.640000e+01 9.552351e+02
