5.000000e-03 3.097299e-02
1.500000e-02 3.366629e-04
2.500000e-02 1.346652e-03
3.500000e-02 6.733259e-04
4.500000e-02 2.019978e-03
5.500000e-02 3.029966e-03
6.500000e-02 4.376618e-03
7.500000e-02 3.029966e-03
8.500000e-02 3.029966e-03
9.500000e-02 4.039955e-03
1.050000e-01 0.000000e+00
1.150000e-01 4.713281e-03
1.250000e-01 5.386607e-03
1.350000e-01 5.049944e-03
1.450000e-01 1.110988e-02
1.550000e-01 5.386607e-03
1.650000e-01 1.211987e-02
1.750000e-01 1.009989e-02
1.850000e-01 9.426562e-03
1.950000e-01 1.144654e-02
2.050000e-01 1.211987e-02
2.150000e-01 1.245653e-02
2.250000e-01 1.312985e-02
2.350000e-01 1.817980e-02
2.450000e-01 1.582316e-02
2.550000e-01 1.548649e-02
2.650000e-01 1.548649e-02
2.750000e-01 1.716981e-02
2.850000e-01 2.188309e-02
2.950000e-01 2.423973e-02
3.050000e-01 2.625971e-02
3.150000e-01 2.289308e-02
3.250000e-01 2.726970e-02
3.350000e-01 3.231964e-02
3.450000e-01 2.928967e-02
3.550000e-01 3.400296e-02
3.650000e-01 3.804291e-02
3.750000e-01 4.376618e-02
3.850000e-01 4.241953e-02
3.950000e-01 4.948945e-02
4.050000e-01 5.150943e-02
4.150000e-01 6.699592e-02
4.250000e-01 5.723270e-02
4.350000e-01 6.228264e-02
4.450000e-01 5.891601e-02
4.550000e-01 6.632260e-02
4.650000e-01 6.127265e-02
4.750000e-01 6.968923e-02
4.850000e-01 7.709581e-02
4.950000e-01 8.180909e-02
5.050000e-01 8.315574e-02
5.150000e-01 8.147243e-02
5.250000e-01 1.006622e-01
5.350000e-01 9.224564e-02
5.450000e-01 9.695892e-02
5.550000e-01 1.137921e-01
5.650000e-01 1.282686e-01
5.750000e-01 1.390418e-01
5.850000e-01 1.380318e-01
5.950000e-01 1.467850e-01
6.050000e-01 1.575583e-01
6.150000e-01 1.683315e-01
6.250000e-01 1.918979e-01
6.350000e-01 2.003144e-01
6.450000e-01 2.343174e-01
6.550000e-01 2.764003e-01
6.650000e-01 2.841435e-01
6.750000e-01 3.124232e-01
6.850000e-01 3.444062e-01
6.950000e-01 3.575360e-01
7.050000e-01 3.794191e-01
7.150000e-01 3.938956e-01
7.250000e-01 4.097188e-01
7.350000e-01 4.231853e-01
7.450000e-01 4.184720e-01
7.550000e-01 4.278986e-01
7.650000e-01 4.215020e-01
7.750000e-01 4.252053e-01
7.850000e-01 3.790825e-01
7.950000e-01 4.406918e-01
8.050000e-01 4.161154e-01
8.150000e-01 4.177987e-01
8.250000e-01 4.154421e-01
8.350000e-01 4.181354e-01
8.450000e-01 4.565149e-01
8.550000e-01 3.938956e-01
8.650000e-01 4.070255e-01
8.750000e-01 3.942323e-01
8.850000e-01 3.713392e-01
8.950000e-01 3.565260e-01
9.050000e-01 2.972734e-01
9.150000e-01 2.666370e-01
9.250000e-01 2.376840e-01
9.350000e-01 2.403773e-01
9.450000e-01 2.259008e-01
9.550000e-01 2.110877e-01
9.650000e-01 1.912245e-01
9.750000e-01 1.814613e-01
9.850000e-01 1.844913e-01
9.950000e-01 1.824713e-01
1.005000e+00 1.797780e-01
1.015000e+00 1.760747e-01
1.025000e+00 1.750647e-01
1.035000e+00 1.713614e-01
1.045000e+00 1.706881e-01
1.055000e+00 1.491417e-01
1.065000e+00 1.531816e-01
1.075000e+00 1.538550e-01
1.085000e+00 1.518350e-01
1.095000e+00 1.464484e-01
1.105000e+00 1.488050e-01
1.115000e+00 1.424084e-01
1.125000e+00 1.430817e-01
1.135000e+00 1.360118e-01
1.145000e+00 1.434184e-01
1.155000e+00 1.329819e-01
1.165000e+00 1.262486e-01
1.175000e+00 1.316352e-01
1.185000e+00 1.323085e-01
1.195000e+00 1.289419e-01
1.205000e+00 1.380318e-01
1.215000e+00 1.444284e-01
1.225000e+00 1.417351e-01
1.235000e+00 1.259119e-01
1.245000e+00 1.306252e-01
1.255000e+00 1.484684e-01
1.265000e+00 1.410618e-01
1.275000e+00 1.299519e-01
1.285000e+00 1.346652e-01
1.295000e+00 1.562116e-01
1.305000e+00 1.387051e-01
1.315000e+00 1.360118e-01
1.325000e+00 1.444284e-01
1.335000e+00 1.323085e-01
1.345000e+00 1.306252e-01
1.355000e+00 1.346652e-01
1.365000e+00 1.444284e-01
1.375000e+00 1.444284e-01
1.385000e+00 1.467850e-01
1.395000e+00 1.427451e-01
1.405000e+00 1.504883e-01
1.415000e+00 1.568849e-01
1.425000e+00 1.444284e-01
1.435000e+00 1.659748e-01
1.445000e+00 1.538550e-01
1.455000e+00 1.572216e-01
1.465000e+00 1.700148e-01
1.475000e+00 1.605882e-01
1.485000e+00 1.757380e-01
1.495000e+00 1.838180e-01
1.505000e+00 1.881946e-01
1.515000e+00 1.861746e-01
1.525000e+00 2.006511e-01
1.535000e+00 2.164743e-01
1.545000e+00 1.962745e-01
1.555000e+00 2.188309e-01
1.565000e+00 2.302774e-01
1.575000e+00 2.137810e-01
1.585000e+00 2.218609e-01
1.595000e+00 2.259008e-01
1.605000e+00 2.221975e-01
1.615000e+00 2.316241e-01
1.625000e+00 2.262375e-01
1.635000e+00 2.083944e-01
1.645000e+00 2.053644e-01
1.655000e+00 1.942545e-01
1.665000e+00 2.124343e-01
1.675000e+00 2.046911e-01
1.685000e+00 2.019978e-01
1.695000e+00 1.844913e-01
1.705000e+00 1.844913e-01
1.715000e+00 1.939178e-01
1.725000e+00 1.858379e-01
1.735000e+00 1.922345e-01
1.745000e+00 1.828080e-01
1.755000e+00 1.885312e-01
1.765000e+00 1.801147e-01
1.775000e+00 1.848279e-01
1.785000e+00 1.683315e-01
1.795000e+00 1.669848e-01
1.805000e+00 1.959378e-01
1.815000e+00 2.040177e-01
1.825000e+00 2.134443e-01
1.835000e+00 2.117610e-01
1.845000e+00 1.986311e-01
1.855000e+00 2.009878e-01
1.865000e+00 1.905512e-01
1.875000e+00 1.996411e-01
1.885000e+00 1.912245e-01
1.895000e+00 2.016611e-01
1.905000e+00 1.935812e-01
1.915000e+00 1.912245e-01
1.925000e+00 2.060377e-01
1.935000e+00 2.120976e-01
1.945000e+00 2.164743e-01
1.955000e+00 2.262375e-01
1.965000e+00 2.373474e-01
1.975000e+00 2.033444e-01
1.985000e+00 2.235442e-01
1.995000e+00 2.245542e-01
2.005000e+00 2.299408e-01
2.015000e+00 2.333074e-01
2.025000e+00 2.393673e-01
2.035000e+00 2.454273e-01
2.045000e+00 2.403773e-01
2.055000e+00 2.326341e-01
2.065000e+00 2.599038e-01
2.075000e+00 2.784202e-01
2.085000e+00 2.905401e-01
2.095000e+00 3.073733e-01
2.105000e+00 3.097299e-01
2.115000e+00 3.672993e-01
2.125000e+00 3.800924e-01
2.135000e+00 4.433851e-01
2.145000e+00 4.898446e-01
2.155000e+00 6.039733e-01
2.165000e+00 6.591860e-01
2.175000e+00 7.221420e-01
2.185000e+00 7.797113e-01
2.195000e+00 8.214575e-01
2.205000e+00 8.483906e-01
2.215000e+00 8.992267e-01
2.225000e+00 9.527561e-01
2.235000e+00 9.645393e-01
2.245000e+00 9.800258e-01
2.255000e+00 1.040962e+00
2.265000e+00 1.001909e+00
2.275000e+00 9.652126e-01
2.285000e+00 1.002246e+00
2.295000e+00 9.934923e-01
2.305000e+00 1.010325e+00
2.315000e+00 9.500628e-01
2.325000e+00 9.689159e-01
2.335000e+00 9.530928e-01
2.345000e+00 9.251497e-01
2.355000e+00 9.167332e-01
2.365000e+00 9.049500e-01
2.375000e+00 9.241397e-01
2.385000e+00 8.935034e-01
2.395000e+00 8.766703e-01
2.405000e+00 8.807102e-01
2.415000e+00 8.446873e-01
2.425000e+00 8.318941e-01
2.435000e+00 7.958712e-01
2.445000e+00 7.702848e-01
2.455000e+00 7.686015e-01
2.465000e+00 7.372918e-01
2.475000e+00 7.137254e-01
2.485000e+00 6.682759e-01
2.495000e+00 6.803958e-01
2.505000e+00 6.864557e-01
2.515000e+00 6.686126e-01
2.525000e+00 6.598593e-01
2.535000e+00 6.514428e-01
2.545000e+00 6.376396e-01
2.555000e+00 6.197965e-01
2.565000e+00 5.955567e-01
2.575000e+00 5.888235e-01
2.585000e+00 5.487606e-01
2.595000e+00 5.770403e-01
2.605000e+00 5.208176e-01
2.615000e+00 5.319274e-01
2.625000e+00 5.501072e-01
2.635000e+00 4.898446e-01
2.645000e+00 4.837846e-01
2.655000e+00 4.817647e-01
2.665000e+00 4.709914e-01
2.675000e+00 4.575249e-01
2.685000e+00 4.282352e-01
2.695000e+00 4.309286e-01
2.705000e+00 4.167887e-01
2.715000e+00 3.965889e-01
2.725000e+00 3.669626e-01
2.735000e+00 3.848057e-01
2.745000e+00 3.642693e-01
2.755000e+00 3.531594e-01
2.765000e+00 3.514761e-01
2.775000e+00 3.400296e-01
2.785000e+00 3.316130e-01
2.795000e+00 3.282464e-01
2.805000e+00 3.363263e-01
2.815000e+00 3.211764e-01
2.825000e+00 3.191565e-01
2.835000e+00 3.063633e-01
2.845000e+00 2.915501e-01
2.855000e+00 2.908768e-01
2.865000e+00 3.164632e-01
2.875000e+00 3.151165e-01
2.885000e+00 2.925601e-01
2.895000e+00 3.157898e-01
2.905000e+00 2.827969e-01
2.915000e+00 2.814502e-01
2.925000e+00 2.811135e-01
2.935000e+00 2.966000e-01
2.945000e+00 2.942434e-01
2.955000e+00 2.636071e-01
2.965000e+00 2.807769e-01
2.975000e+00 2.942434e-01
2.985000e+00 2.804402e-01
2.995000e+00 2.898668e-01
3.005000e+00 2.713503e-01
3.015000e+00 2.720236e-01
3.025000e+00 2.750536e-01
3.035000e+00 2.706770e-01
3.045000e+00 2.477839e-01
3.055000e+00 2.807769e-01
3.065000e+00 2.713503e-01
3.075000e+00 2.632704e-01
3.085000e+00 2.329707e-01
3.095000e+00 2.434073e-01
3.105000e+00 2.430706e-01
3.115000e+00 2.400407e-01
3.125000e+00 2.205142e-01
3.135000e+00 2.376840e-01
3.145000e+00 2.349907e-01
3.155000e+00 2.333074e-01
3.165000e+00 2.269108e-01
3.175000e+00 2.191676e-01
3.185000e+00 2.161376e-01
3.195000e+00 2.195042e-01
3.205000e+00 2.070477e-01
3.215000e+00 2.191676e-01
3.225000e+00 1.821346e-01
3.235000e+00 1.838180e-01
3.245000e+00 1.949278e-01
3.255000e+00 1.791047e-01
3.265000e+00 1.653015e-01
3.275000e+00 1.663115e-01
3.285000e+00 1.545283e-01
3.295000e+00 1.642915e-01
3.305000e+00 1.582316e-01
3.315000e+00 1.417351e-01
3.325000e+00 1.589049e-01
3.335000e+00 1.390418e-01
3.345000e+00 1.208620e-01
3.355000e+00 1.181687e-01
3.365000e+00 9.763225e-02
3.375000e+00 9.662226e-02
3.385000e+00 9.493895e-02
3.395000e+00 8.854235e-02
3.405000e+00 7.372918e-02
3.415000e+00 7.743247e-02
3.425000e+00 6.261930e-02
3.435000e+00 6.228264e-02
3.445000e+00 5.184609e-02
3.455000e+00 5.891601e-02
3.465000e+00 5.958934e-02
3.475000e+00 5.150943e-02
3.485000e+00 4.780614e-02
3.495000e+00 5.083610e-02
3.505000e+00 4.477617e-02
3.515000e+00 3.837957e-02
3.525000e+00 5.521272e-02
3.535000e+00 5.083610e-02
3.545000e+00 5.689604e-02
3.555000e+00 5.420273e-02
3.565000e+00 5.016278e-02
3.575000e+00 5.420273e-02
3.585000e+00 5.049944e-02
3.595000e+00 5.925268e-02
3.605000e+00 6.834257e-02
3.615000e+00 6.396596e-02
3.625000e+00 5.857935e-02
3.635000e+00 6.531261e-02
3.645000e+00 6.127265e-02
3.655000e+00 5.756936e-02
3.665000e+00 6.228264e-02
3.675000e+00 5.083610e-02
3.685000e+00 5.622271e-02
3.695000e+00 5.756936e-02
3.705000e+00 6.026266e-02
3.715000e+00 5.218275e-02
3.725000e+00 5.655937e-02
3.735000e+00 5.655937e-02
3.745000e+00 5.117277e-02
3.755000e+00 4.915279e-02
3.765000e+00 4.780614e-02
3.775000e+00 5.622271e-02
3.785000e+00 4.645948e-02
3.795000e+00 5.285608e-02
3.805000e+00 4.645948e-02
3.815000e+00 4.679615e-02
3.825000e+00 3.938956e-02
3.835000e+00 3.703292e-02
3.845000e+00 3.871624e-02
3.855000e+00 4.208287e-02
3.865000e+00 3.905290e-02
3.875000e+00 3.568627e-02
3.885000e+00 3.130965e-02
3.895000e+00 3.400296e-02
3.905000e+00 2.996300e-02
3.915000e+00 2.659637e-02
3.925000e+00 2.726970e-02
3.935000e+00 2.491306e-02
3.945000e+00 2.693303e-02
3.955000e+00 2.457639e-02
3.965000e+00 2.221975e-02
3.975000e+00 2.255642e-02
3.985000e+00 2.693303e-02
3.995000e+00 2.390307e-02
4.005000e+00 2.053644e-02
4.015000e+00 1.447651e-02
4.025000e+00 2.558638e-02
4.035000e+00 1.750647e-02
4.045000e+00 2.188309e-02
4.055000e+00 1.918979e-02
4.065000e+00 2.188309e-02
4.075000e+00 1.582316e-02
4.085000e+00 1.683315e-02
4.095000e+00 1.548649e-02
4.105000e+00 1.615982e-02
4.115000e+00 1.481317e-02
4.125000e+00 1.716981e-02
4.135000e+00 1.279319e-02
4.145000e+00 1.279319e-02
4.155000e+00 1.413984e-02
4.165000e+00 8.753236e-03
4.175000e+00 1.043655e-02
4.185000e+00 6.396596e-03
4.195000e+00 8.079910e-03
4.205000e+00 9.089899e-03
4.215000e+00 9.763225e-03
4.225000e+00 8.753236e-03
4.235000e+00 9.426562e-03
4.245000e+00 9.089899e-03
4.255000e+00 9.763225e-03
4.265000e+00 1.009989e-02
4.275000e+00 7.069922e-03
4.285000e+00 8.079910e-03
4.295000e+00 1.144654e-02
4.305000e+00 7.406584e-03
4.315000e+00 7.069922e-03
4.325000e+00 5.723270e-03
4.335000e+00 9.426562e-03
4.345000e+00 9.426562e-03
4.355000e+00 6.733259e-03
4.365000e+00 7.743247e-03
4.375000e+00 4.713281e-03
4.385000e+00 7.069922e-03
4.395000e+00 4.039955e-03
4.405000e+00 5.049944e-03
4.415000e+00 6.396596e-03
4.425000e+00 5.723270e-03
4.435000e+00 5.386607e-03
4.445000e+00 6.059933e-03
4.455000e+00 4.376618e-03
4.465000e+00 3.703292e-03
4.475000e+00 4.376618e-03
4.485000e+00 5.723270e-03
4.495000e+00 4.376618e-03
4.505000e+00 4.713281e-03
4.515000e+00 3.029966e-03
4.525000e+00 5.723270e-03
4.535000e+00 4.039955e-03
4.545000e+00 4.713281e-03
4.555000e+00 5.723270e-03
4.565000e+00 4.039955e-03
4.575000e+00 3.703292e-03
4.585000e+00 6.059933e-03
4.595000e+00 4.039955e-03
4.605000e+00 4.376618e-03
4.615000e+00 6.059933e-03
4.625000e+00 4.039955e-03
4.635000e+00 4.376618e-03
4.645000e+00 3.703292e-03
4.655000e+00 2.693303e-03
4.665000e+00 4.713281e-03
4.675000e+00 4.039955e-03
4.685000e+00 3.703292e-03
4.695000e+00 3.703292e-03
4.705000e+00 5.049944e-03
4.715000e+00 4.713281e-03
4.725000e+00 5.049944e-03
4.735000e+00 2.693303e-03
4.745000e+00 4.376618e-03
4.755000e+00 3.029966e-03
4.765000e+00 3.703292e-03
4.775000e+00 4.713281e-03
4.785000e+00 3.366629e-03
4.795000e+00 4.713281e-03
4.805000e+00 4.376618e-03
4.815000e+00 5.386607e-03
4.825000e+00 5.386607e-03
4.835000e+00 2.356641e-03
4.845000e+00 2.019978e-03
4.855000e+00 2.356641e-03
4.865000e+00 2.019978e-03
4.875000e+00 4.039955e-03
4.885000e+00 5.049944e-03
4.895000e+00 3.366629e-03
4.905000e+00 2.019978e-03
4.915000e+00 5.049944e-03
4.925000e+00 3.366629e-03
4.935000e+00 3.366629e-03
4.945000e+00 2.356641e-03
4.955000e+00 2.019978e-03
4.965000e+00 2.356641e-03
4.975000e+00 3.366629e-04
4.985000e+00 1.346652e-03
4.995000e+00 1.346652e-03
5.005000e+00 2.693303e-03
5.015000e+00 2.019978e-03
5.025000e+00 2.019978e-03
5.035000e+00 2.019978e-03
5.045000e+00 6.733259e-04
5.055000e+00 2.356641e-03
5.065000e+00 2.356641e-03
5.075000e+00 1.683315e-03
5.085000e+00 2.019978e-03
5.095000e+00 1.346652e-03
5.105000e+00 2.019978e-03
5.115000e+00 2.019978e-03
5.125000e+00 1.683315e-03
5.135000e+00 2.693303e-03
5.145000e+00 6.733259e-04
5.155000e+00 1.683315e-03
5.165000e+00 2.019978e-03
5.175000e+00 2.019978e-03
5.185000e+00 1.683315e-03
5.195000e+00 2.019978e-03
5.205000e+00 2.019978e-03
5.215000e+00 1.683315e-03
5.225000e+00 1.346652e-03
5.235000e+00 6.733259e-04
5.245000e+00 1.009989e-03
5.255000e+00 1.009989e-03
5.265000e+00 3.366629e-04
5.275000e+00 1.346652e-03
5.285000e+00 1.346652e-03
5.295000e+00 2.019978e-03
5.305000e+00 6.733259e-04
5.315000e+00 6.733259e-04
5.325000e+00 3.366629e-04
5.335000e+00 3.366629e-04
5.345000e+00 0.000000e+00
5.355000e+00 6.733259e-04
5.365000e+00 1.346652e-03
5.375000e+00 1.683315e-03
5.385000e+00 0.000000e+00
5.395000e+00 1.009989e-03
5.405000e+00 6.733259e-04
5.415000e+00 1.346652e-03
5.425000e+00 3.366629e-04
5.435000e+00 0.000000e+00
5.445000e+00 1.009989e-03
5.455000e+00 3.366629e-04
5.465000e+00 3.366629e-04
5.475000e+00 6.733259e-04
5.485000e+00 1.683315e-03
5.495000e+00 1.009989e-03
5.505000e+00 3.366629e-04
5.515000e+00 3.366629e-04
5.525000e+00 3.366629e-04
5.535000e+00 6.733259e-04
5.545000e+00 3.366629e-04
5.555000e+00 0.000000e+00
5.565000e+00 3.366629e-04
5.575000e+00 6.733259e-04
5.585000e+00 1.009989e-03
5.595000e+00 3.366629e-04
5.605000e+00 3.366629e-04
5.615000e+00 3.366629e-04
5.625000e+00 1.683315e-03
5.635000e+00 6.733259e-04
5.645000e+00 1.346652e-03
5.655000e+00 6.733259e-04
5.665000e+00 2.356641e-03
5.675000e+00 1.346652e-03
5.685000e+00 3.366629e-04
5.695000e+00 1.009989e-03
5.705000e+00 6.733259e-04
5.715000e+00 3.366629e-04
5.725000e+00 1.346652e-03
5.735000e+00 3.366629e-04
5.745000e+00 3.366629e-04
5.755000e+00 1.346652e-03
5.765000e+00 6.733259e-04
5.775000e+00 0.000000e+00
5.785000e+00 1.009989e-03
5.795000e+00 3.366629e-04
5.805000e+00 6.733259e-04
5.815000e+00 1.346652e-03
5.825000e+00 0.000000e+00
5.835000e+00 6.733259e-04
5.845000e+00 1.683315e-03
5.855000e+00 6.733259e-04
5.865000e+00 2.019978e-03
5.875000e+00 6.733259e-04
5.885000e+00 6.733259e-04
5.895000e+00 1.346652e-03
5.905000e+00 1.009989e-03
5.915000e+00 0.000000e+00
5.925000e+00 3.366629e-04
5.935000e+00 1.346652e-03
5.945000e+00 6.733259e-04
5.955000e+00 0.000000e+00
5.965000e+00 3.366629e-04
5.975000e+00 1.346652e-03
5.985000e+00 1.009989e-03
