#DESI TS - Eff from Boosted Decision Tree (version Jul 2016)
#Counts in r using PLE+LEDE luminosity function from NPD+ 2015
#2D ========= (0.2 dz bins, 0.5 mag. bins, values are for bin center) 
0.1 15.75 0
0.1 16.25 0
0.1 16.75 6.70644e-09
0.1 17.25 0.0181308
0.1 17.75 0.0389616
0.1 18.25 0.0552031
0.1 18.75 0.0709521
0.1 19.25 0.0862305
0.1 19.75 0.112403
0.1 20.25 0.151597
0.1 20.75 0.193214
0.1 21.25 0.228041
0.1 21.75 0.267456
0.1 22.25 0.285437
0.1 22.75 0.119395
0.3 15.75 0
0.3 16.25 0
0.3 16.75 6.84496e-09
0.3 17.25 0.0254899
0.3 17.75 0.075584
0.3 18.25 0.140041
0.3 18.75 0.208479
0.3 19.25 0.272758
0.3 19.75 0.367386
0.3 20.25 0.503666
0.3 20.75 0.649669
0.3 21.25 0.777671
0.3 21.75 0.930913
0.3 22.25 1.02464
0.3 22.75 0.44255
0.5 15.75 0
0.5 16.25 0
0.5 16.75 3.08573e-09
0.5 17.25 0.0136931
0.5 17.75 0.051643
0.5 18.25 0.128291
0.5 18.75 0.242188
0.5 19.25 0.372778
0.5 19.75 0.547718
0.5 20.25 0.78112
0.5 20.75 1.02484
0.5 21.25 1.23679
0.5 21.75 1.48771
0.5 22.25 1.6437
0.5 22.75 0.71169
0.7 15.75 0
0.7 16.25 0
0.7 16.75 0.0010728
0.7 17.25 0.0150512
0.7 17.75 0.0553008
0.7 18.25 0.148494
0.7 18.75 0.308352
0.7 19.25 0.51832
0.7 19.75 0.790661
0.7 20.25 1.1309
0.7 20.75 1.48571
0.7 21.25 1.79511
0.7 21.75 2.16627
0.7 22.25 2.36381
0.7 22.75 1.01224
0.9 15.75 0
0.9 16.25 0
0.9 16.75 0.0027792
0.9 17.25 0.0222724
0.9 17.75 0.0761754
0.9 18.25 0.200659
0.9 18.75 0.415237
0.9 19.25 0.705528
0.9 19.75 1.07281
0.9 20.25 1.51275
0.9 20.75 1.97449
0.9 21.25 2.37849
0.9 21.75 2.87039
0.9 22.25 3.08689
0.9 22.75 1.30516
1.1 15.75 0
1.1 16.25 0
1.1 16.75 0.0054288
1.1 17.25 0.0326169
1.1 17.75 0.105436
1.1 18.25 0.272832
1.1 18.75 0.556511
1.1 19.25 0.935738
1.1 19.75 1.3932
1.1 20.25 1.91849
1.1 20.75 2.4772
1.1 21.25 2.97061
1.1 21.75 3.58377
1.1 22.25 3.80116
1.1 22.75 1.58751
1.3 15.75 0
1.3 16.25 0
1.3 16.75 0.0069984
1.3 17.25 0.0354871
1.3 17.75 0.111508
1.3 18.25 0.293176
1.3 18.75 0.61484
1.3 19.25 1.06451
1.3 19.75 1.59612
1.3 20.25 2.18107
1.3 20.75 2.808
1.3 21.25 3.36719
1.3 21.75 4.07405
1.3 22.25 4.27645
1.3 22.75 1.76829
1.5 15.75 0
1.5 16.25 0
1.5 16.75 0.005856
1.5 17.25 0.026492
1.5 17.75 0.082764
1.5 18.25 0.228444
1.5 18.75 0.518841
1.5 19.25 0.981942
1.5 19.75 1.55708
1.5 20.25 2.17426
1.5 20.75 2.82996
1.5 21.25 3.41494
1.5 21.75 4.158
1.5 22.25 4.33184
1.5 22.75 1.77664
1.7 15.75 0
1.7 16.25 0
1.7 16.75 0.003588
1.7 17.25 0.016624
1.7 17.75 0.0543
1.7 18.25 0.161176
1.7 18.75 0.402202
1.7 19.25 0.835039
1.7 19.75 1.41465
1.7 20.25 2.05573
1.7 20.75 2.73649
1.7 21.25 3.35192
1.7 21.75 4.10911
1.7 22.25 4.39911
1.7 22.75 1.84665
1.9 15.75 0
1.9 16.25 0
1.9 16.75 0.002424
1.9 17.25 0.01132
1.9 17.75 0.037872
1.9 18.25 0.117
1.9 18.75 0.310128
1.9 19.25 0.690482
1.9 19.75 1.24372
1.9 20.25 1.88796
1.9 20.75 2.57781
1.9 21.25 3.2048
1.9 21.75 3.9474
1.9 22.25 4.32741
1.9 22.75 1.85221
2.1 15.75 0
2.1 16.25 0
2.1 16.75 0.001536
2.1 17.25 0.007236
2.1 17.75 0.024572
2.1 18.25 0.078956
2.1 18.75 0.222289
2.1 19.25 0.533366
2.1 19.75 1.03398
2.1 20.25 1.66351
2.1 20.75 2.35302
2.1 21.25 2.98317
2.1 21.75 3.69803
2.1 22.25 4.14971
2.1 22.75 1.80845
2.3 15.75 0
2.3 16.25 0
2.3 16.75 0.00096
2.3 17.25 0.004356
2.3 17.75 0.0148
2.3 18.25 0.048184
2.3 18.75 0.141809
2.3 19.25 0.364624
2.3 19.75 0.760972
2.3 20.25 1.30223
2.3 20.75 1.9177
2.3 21.25 2.49032
2.3 21.75 3.1174
2.3 22.25 3.58812
2.3 22.75 1.59299
2.5 15.75 0
2.5 16.25 0
2.5 16.75 0.001044
2.5 17.25 0.004608
2.5 17.75 0.014588
2.5 18.25 0.044056
2.5 18.75 0.120355
2.5 19.25 0.28958
2.5 19.75 0.579985
2.5 20.25 0.983849
2.5 20.75 1.46194
2.5 21.25 1.92272
2.5 21.75 2.41958
2.5 22.25 2.84671
2.5 22.75 1.28365
2.7 15.75 0
2.7 16.25 0
2.7 16.75 0.001008
2.7 17.25 0.004176
2.7 17.75 0.012396
2.7 18.25 0.03526
2.7 18.75 0.0897155
2.7 19.25 0.204798
2.7 19.75 0.408256
2.7 20.25 0.689283
2.7 20.75 1.00879
2.7 21.25 1.31759
2.7 21.75 1.6267
2.7 22.25 1.77253
2.7 22.75 0.762001
2.9 15.75 0
2.9 16.25 0
2.9 16.75 0.000912
2.9 17.25 0.003644
2.9 17.75 0.010164
2.9 18.25 0.027212
2.9 18.75 0.0646196
2.9 19.25 0.140338
2.9 19.75 0.278712
2.9 20.25 0.467389
2.9 20.75 0.671377
2.9 21.25 0.869214
2.9 21.75 1.04929
2.9 22.25 1.03244
2.9 22.75 0.412063
3.1 15.75 0
3.1 16.25 0
3.1 16.75 0.000804
3.1 17.25 0.003024
3.1 17.75 0.007892
3.1 18.25 0.0199
3.1 18.75 0.0444396
3.1 19.25 0.0920082
3.1 19.75 0.182708
3.1 20.25 0.304447
3.1 20.75 0.42829
3.1 21.25 0.548419
3.1 21.75 0.643979
3.1 22.25 0.54775
3.1 22.75 0.191048
3.3 15.75 0
3.3 16.25 0
3.3 16.75 0.000624
3.3 17.25 0.002204
3.3 17.75 0.00538
3.3 18.25 0.012844
3.3 18.75 0.0270212
3.3 19.25 0.0537393
3.3 19.75 0.1078
3.3 20.25 0.180104
3.3 20.75 0.249308
3.3 21.25 0.316402
3.3 21.75 0.359663
3.3 22.25 0.243618
3.3 22.75 0.0614871
3.5 15.75 0
3.5 16.25 0
3.5 16.75 0.000684
3.5 17.25 0.002268
3.5 17.75 0.005072
3.5 18.25 0.011108
3.5 18.75 0.0210113
3.5 19.25 0.0377811
3.5 19.75 0.0719999
3.5 20.25 0.114576
3.5 20.75 0.149648
3.5 21.25 0.182395
3.5 21.75 0.194678
3.5 22.25 0.085122
3.5 22.75 0
3.7 15.75 0
3.7 16.25 0
3.7 16.75 0.0005952
3.7 17.25 0.0018752
3.7 17.75 0.0039104
3.7 18.25 0.0079136
3.7 18.75 0.0138363
3.7 19.25 0.0276526
3.7 19.75 0.0526132
3.7 20.25 0.0769409
3.7 20.75 0.0980048
3.7 21.25 0.106842
3.7 21.75 0.104293
3.7 22.25 0.0455566
3.7 22.75 0
3.9 15.75 0
3.9 16.25 0
3.9 16.75 0.000324
3.9 17.25 0.0010632
3.9 17.75 0.0020736
3.9 18.25 0.0038928
3.9 18.75 0.00648439
3.9 19.25 0.0157583
3.9 19.75 0.0309038
3.9 20.25 0.0426716
3.9 20.75 0.054237
3.9 21.25 0.0526925
3.9 21.75 0.0457135
3.9 22.25 0.0201106
3.9 22.75 0
4.1 15.75 0
4.1 16.25 0
4.1 16.75 0.0001104
4.1 17.25 0.0004496
4.1 17.75 0.000878401
4.1 18.25 0.001608
4.1 18.75 0.00251653
4.1 19.25 0.00839127
4.1 19.75 0.0170362
4.1 20.25 0.0221348
4.1 20.75 0.0280794
4.1 21.25 0.0235825
4.1 21.75 0.0166785
4.1 22.25 0.00739754
4.1 22.75 0
4.3 15.75 0
4.3 16.25 0
4.3 16.75 2.64e-05
4.3 17.25 0.0001424
4.3 17.75 0.0002848
4.3 18.25 0.000474399
4.3 18.75 0.000710149
4.3 19.25 0.0042877
4.3 19.75 0.00904249
4.3 20.25 0.011008
4.3 20.75 0.0137977
4.3 21.25 0.00953104
4.3 21.75 0.00429813
4.3 22.25 0.00191745
4.3 22.75 0
4.5 15.75 0
4.5 16.25 0
4.5 16.75 0
4.5 17.25 0
4.5 17.75 0
4.5 18.25 0
4.5 18.75 7.44629e-10
4.5 19.25 0.0019928
4.5 19.75 0.0043248
4.5 20.25 0.00490776
4.5 20.75 0.006072
4.5 21.25 0.00319392
4.5 21.75 0
4.5 22.25 0
4.5 22.75 0
4.7 15.75 0
4.7 16.25 0
4.7 16.75 0
4.7 17.25 0
4.7 17.75 0
4.7 18.25 0
4.7 18.75 4.39453e-10
4.7 19.25 0.0011392
4.7 19.75 0.0023479
4.7 20.25 0.00256148
4.7 20.75 0.0031032
4.7 21.25 0.0016296
4.7 21.75 0
4.7 22.25 0
4.7 22.75 0
4.9 15.75 0
4.9 16.25 0
4.9 16.75 0
4.9 17.25 0
4.9 17.75 0
4.9 18.25 0
4.9 18.75 4.27246e-10
4.9 19.25 0.0010712
4.9 19.75 0.0021533
4.9 20.25 0.00226704
4.9 20.75 0.0026088
4.9 21.25 0.00132192
4.9 21.75 0
4.9 22.25 0
4.9 22.75 0
