22.500000 -9.883103
22.550000 -9.523870
22.600000 -9.350891
22.650000 -9.017615
22.700000 -8.700496
22.750000 -8.547723
22.800000 -8.253238
22.850000 -7.972844
22.900000 -7.837695
22.950000 -7.577045
23.000000 -7.328688
23.050000 -7.208915
23.100000 -6.977788
23.150000 -6.757393
23.200000 -6.651040
23.250000 -6.445688
23.300000 -6.249708
23.350000 -6.155077
23.400000 -5.972239
23.450000 -5.797589
23.500000 -5.713201
23.550000 -5.550039
23.600000 -5.394038
23.650000 -5.318606
23.700000 -5.172654
23.750000 -5.102049
23.800000 -4.965374
23.850000 -4.834486
23.900000 -4.771119
23.950000 -4.648356
24.000000 -4.530665
24.050000 -4.473639
24.100000 -4.363072
24.150000 -4.256953
24.200000 -4.205490
24.250000 -4.105624
24.300000 -4.009663
24.350000 -3.963085
24.400000 -3.872617
24.450000 -3.785583
24.500000 -3.743300
24.550000 -3.661098
24.600000 -3.581919
24.650000 -3.543415
24.700000 -3.468492
24.750000 -3.396233
24.800000 -3.361061
24.850000 -3.292556
24.900000 -3.226401
24.950000 -3.194170
25.000000 -3.131331
25.050000 -3.070571
25.100000 -3.040939
25.150000 -2.983111
25.200000 -2.927123
25.250000 -2.899792
25.300000 -2.846402
25.350000 -2.794644
25.400000 -2.769353
25.450000 -2.719900
25.500000 -2.671896
25.550000 -2.648416
25.600000 -2.602461
25.650000 -2.557794
25.700000 -2.535926
25.750000 -2.493084
25.800000 -2.451390
25.850000 -2.430957
25.900000 -2.390890
25.950000 -2.351847
