22.500000 -7.274942
22.550000 -7.055055
22.600000 -6.845075
22.650000 -6.743636
22.700000 -6.547548
22.750000 -6.360118
22.800000 -6.269506
22.850000 -6.094220
22.900000 -5.926504
22.950000 -5.845361
23.000000 -5.688268
23.050000 -5.537800
23.100000 -5.464943
23.150000 -5.323775
23.200000 -5.188409
23.250000 -5.122809
23.300000 -4.995592
23.350000 -4.873462
23.400000 -4.814223
23.450000 -4.699240
23.500000 -4.588720
23.550000 -4.535063
23.600000 -4.430819
23.650000 -4.330496
23.700000 -4.281743
23.750000 -4.186935
23.800000 -4.095576
23.850000 -4.051136
23.900000 -3.964631
23.950000 -3.881162
24.000000 -3.840520
24.050000 -3.761329
24.100000 -3.684815
24.150000 -3.647521
24.200000 -3.574781
24.250000 -3.504406
24.300000 -3.470068
24.350000 -3.403027
24.400000 -3.338076
24.450000 -3.306353
24.500000 -3.244353
24.550000 -3.184203
24.600000 -3.154795
24.650000 -3.097260
24.700000 -3.041367
24.750000 -3.014011
24.800000 -2.960438
24.850000 -2.908323
24.900000 -2.882791
24.950000 -2.832738
25.000000 -2.783981
25.050000 -2.760071
25.100000 -2.713150
25.150000 -2.667385
25.200000 -2.644919
25.250000 -2.600791
25.300000 -2.557693
25.350000 -2.536516
25.400000 -2.494879
25.450000 -2.454164
25.500000 -2.434139
25.550000 -2.394730
25.600000 -2.356145
25.650000 -2.337150
25.700000 -2.299735
25.750000 -2.263059
25.800000 -2.244988
25.850000 -2.209361
25.900000 -2.174397
25.950000 -2.157154
