    1.05035e-05     5.33503e+01
    1.05724e-05     5.36866e+01
    1.06418e-05     5.40253e+01
    1.07116e-05     5.43658e+01
    1.07818e-05     5.47082e+01
    1.08526e-05     5.50534e+01
    1.09238e-05     5.54005e+01
    1.09954e-05     5.57495e+01
    1.10676e-05     5.61013e+01
    1.11402e-05     5.64549e+01
    1.12132e-05     5.68104e+01
    1.12868e-05     5.71688e+01
    1.13608e-05     5.75289e+01
    1.14354e-05     5.78920e+01
    1.15104e-05     5.82568e+01
    1.15859e-05     5.86240e+01
    1.16619e-05     5.89936e+01
    1.17384e-05     5.93655e+01
    1.18154e-05     5.97397e+01
    1.18929e-05     6.01163e+01
    1.19710e-05     6.04956e+01
    1.20495e-05     6.08769e+01
    1.21285e-05     6.12604e+01
    1.22081e-05     6.16468e+01
    1.22882e-05     6.20355e+01
    1.23688e-05     6.24265e+01
    1.24499e-05     6.28198e+01
    1.25316e-05     6.32160e+01
    1.26138e-05     6.36145e+01
    1.26966e-05     6.40158e+01
    1.27799e-05     6.44194e+01
    1.28637e-05     6.48253e+01
    1.29481e-05     6.52340e+01
    1.30330e-05     6.56451e+01
    1.31185e-05     6.60589e+01
    1.32046e-05     6.64755e+01
    1.32912e-05     6.68945e+01
    1.33784e-05     6.73163e+01
    1.34662e-05     6.77408e+01
    1.35545e-05     6.81677e+01
    1.36434e-05     6.85973e+01
    1.37329e-05     6.90297e+01
    1.38230e-05     6.94650e+01
    1.39137e-05     6.99030e+01
    1.40050e-05     7.03438e+01
    1.40969e-05     7.07873e+01
    1.41893e-05     7.12332e+01
    1.42824e-05     7.16824e+01
    1.43761e-05     7.21343e+01
    1.44704e-05     7.25890e+01
    1.45654e-05     7.30469e+01
    1.46609e-05     7.35072e+01
    1.47571e-05     7.39707e+01
    1.48539e-05     7.44370e+01
    1.49513e-05     7.49060e+01
    1.50494e-05     7.53783e+01
    1.51481e-05     7.58534e+01
    1.52475e-05     7.63317e+01
    1.53475e-05     7.68128e+01
    1.54482e-05     7.72971e+01
    1.55496e-05     7.77847e+01
    1.56516e-05     7.82750e+01
    1.57543e-05     7.87685e+01
    1.58576e-05     7.92648e+01
    1.59616e-05     7.97643e+01
    1.60663e-05     8.02670e+01
    1.61717e-05     8.07730e+01
    1.62778e-05     8.12823e+01
    1.63846e-05     8.17946e+01
    1.64921e-05     8.23103e+01
    1.66003e-05     8.28291e+01
    1.67092e-05     8.33512e+01
    1.68188e-05     8.38766e+01
    1.69291e-05     8.44051e+01
    1.70402e-05     8.49374e+01
    1.71520e-05     8.54729e+01
    1.72645e-05     8.60116e+01
    1.73778e-05     8.65541e+01
    1.74918e-05     8.70997e+01
    1.76065e-05     8.76484e+01
    1.77220e-05     8.82010e+01
    1.78383e-05     8.87572e+01
    1.79553e-05     8.93166e+01
    1.80731e-05     8.98797e+01
    1.81917e-05     9.04467e+01
    1.83110e-05     9.10167e+01
    1.84311e-05     9.15904e+01
    1.85520e-05     9.21677e+01
    1.86737e-05     9.27488e+01
    1.87962e-05     9.33334e+01
    1.89195e-05     9.39218e+01
    1.90437e-05     9.45143e+01
    1.91686e-05     9.51100e+01
    1.92943e-05     9.57094e+01
    1.94209e-05     9.63128e+01
    1.95483e-05     9.69200e+01
    1.96766e-05     9.75313e+01
    1.98056e-05     9.81458e+01
    1.99356e-05     9.87648e+01
    2.00664e-05     9.93875e+01
    2.01980e-05     1.00014e+02
    2.03305e-05     1.00644e+02
    2.04639e-05     1.01279e+02
    2.05981e-05     1.01917e+02
    2.07332e-05     1.02560e+02
    2.08693e-05     1.03207e+02
    2.10062e-05     1.03857e+02
    2.11440e-05     1.04512e+02
    2.12827e-05     1.05171e+02
    2.14223e-05     1.05834e+02
    2.15628e-05     1.06501e+02
    2.17043e-05     1.07172e+02
    2.18467e-05     1.07848e+02
    2.19900e-05     1.08528e+02
    2.21342e-05     1.09212e+02
    2.22794e-05     1.09900e+02
    2.24256e-05     1.10593e+02
    2.25727e-05     1.11290e+02
    2.27208e-05     1.11992e+02
    2.28699e-05     1.12698e+02
    2.30199e-05     1.13409e+02
    2.31709e-05     1.14124e+02
    2.33229e-05     1.14843e+02
    2.34759e-05     1.15567e+02
    2.36299e-05     1.16295e+02
    2.37849e-05     1.17029e+02
    2.39410e-05     1.17767e+02
    2.40980e-05     1.18509e+02
    2.42561e-05     1.19256e+02
    2.44152e-05     1.20008e+02
    2.45754e-05     1.20765e+02
    2.47366e-05     1.21526e+02
    2.48989e-05     1.22292e+02
    2.50622e-05     1.23063e+02
    2.52266e-05     1.23838e+02
    2.53921e-05     1.24619e+02
    2.55587e-05     1.25405e+02
    2.57264e-05     1.26195e+02
    2.58952e-05     1.26991e+02
    2.60650e-05     1.27791e+02
    2.62360e-05     1.28597e+02
    2.64081e-05     1.29407e+02
    2.65814e-05     1.30223e+02
    2.67558e-05     1.31044e+02
    2.69313e-05     1.31870e+02
    2.71080e-05     1.32702e+02
    2.72858e-05     1.33538e+02
    2.74648e-05     1.34380e+02
    2.76450e-05     1.35227e+02
    2.78263e-05     1.36079e+02
    2.80089e-05     1.36937e+02
    2.81926e-05     1.37800e+02
    2.83775e-05     1.38668e+02
    2.85637e-05     1.39543e+02
    2.87511e-05     1.40423e+02
    2.89397e-05     1.41308e+02
    2.91296e-05     1.42199e+02
    2.93207e-05     1.43095e+02
    2.95130e-05     1.43997e+02
    2.97066e-05     1.44905e+02
    2.99015e-05     1.45819e+02
    3.00976e-05     1.46738e+02
    3.02951e-05     1.47663e+02
    3.04938e-05     1.48594e+02
    3.06939e-05     1.49531e+02
    3.08952e-05     1.50473e+02
    3.10979e-05     1.51422e+02
    3.13019e-05     1.52376e+02
    3.15073e-05     1.53337e+02
    3.17140e-05     1.54303e+02
    3.19220e-05     1.55276e+02
    3.21314e-05     1.56255e+02
    3.23422e-05     1.57240e+02
    3.25544e-05     1.58231e+02
    3.27679e-05     1.59228e+02
    3.29829e-05     1.60232e+02
    3.31993e-05     1.61242e+02
    3.34171e-05     1.62258e+02
    3.36363e-05     1.63281e+02
    3.38570e-05     1.64311e+02
    3.40791e-05     1.65346e+02
    3.43026e-05     1.66388e+02
    3.45277e-05     1.67438e+02
    3.47542e-05     1.68493e+02
    3.49822e-05     1.69555e+02
    3.52117e-05     1.70624e+02
    3.54426e-05     1.71699e+02
    3.56752e-05     1.72782e+02
    3.59092e-05     1.73871e+02
    3.61448e-05     1.74968e+02
    3.63819e-05     1.76071e+02
    3.66206e-05     1.77181e+02
    3.68608e-05     1.78298e+02
    3.71026e-05     1.79421e+02
    3.73460e-05     1.80553e+02
    3.75910e-05     1.81691e+02
    3.78376e-05     1.82836e+02
    3.80858e-05     1.83989e+02
    3.83357e-05     1.85149e+02
    3.85872e-05     1.86316e+02
    3.88403e-05     1.87490e+02
    3.90951e-05     1.88672e+02
    3.93516e-05     1.89862e+02
    3.96097e-05     1.91058e+02
    3.98696e-05     1.92263e+02
    4.01311e-05     1.93475e+02
    4.03944e-05     1.94694e+02
    4.06594e-05     1.95921e+02
    4.09261e-05     1.97156e+02
    4.11946e-05     1.98399e+02
    4.14648e-05     1.99650e+02
    4.17369e-05     2.00909e+02
    4.20107e-05     2.02175e+02
    4.22863e-05     2.03449e+02
    4.25637e-05     2.04731e+02
    4.28429e-05     2.06022e+02
    4.31239e-05     2.07320e+02
    4.34068e-05     2.08627e+02
    4.36916e-05     2.09942e+02
    4.39782e-05     2.11265e+02
    4.42667e-05     2.12597e+02
    4.45571e-05     2.13938e+02
    4.48494e-05     2.15286e+02
    4.51437e-05     2.16643e+02
    4.54398e-05     2.18009e+02
    4.57379e-05     2.19383e+02
    4.60379e-05     2.20766e+02
    4.63400e-05     2.22158e+02
    4.66440e-05     2.23558e+02
    4.69500e-05     2.24968e+02
    4.72580e-05     2.26385e+02
    4.75680e-05     2.27813e+02
    4.78800e-05     2.29248e+02
    4.81941e-05     2.30694e+02
    4.85103e-05     2.32148e+02
    4.88285e-05     2.33611e+02
    4.91489e-05     2.35084e+02
    4.94713e-05     2.36566e+02
    4.97958e-05     2.38057e+02
    5.01225e-05     2.39558e+02
    5.04513e-05     2.41067e+02
    5.07823e-05     2.42587e+02
    5.11154e-05     2.44116e+02
    5.14507e-05     2.45655e+02
    5.17883e-05     2.47203e+02
    5.21280e-05     2.48761e+02
    5.24700e-05     2.50329e+02
    5.28142e-05     2.51907e+02
    5.31607e-05     2.53495e+02
    5.35094e-05     2.55092e+02
    5.38604e-05     2.56700e+02
    5.42138e-05     2.58318e+02
    5.45694e-05     2.59946e+02
    5.49274e-05     2.61584e+02
    5.52877e-05     2.63233e+02
    5.56504e-05     2.64892e+02
    5.60155e-05     2.66562e+02
    5.63830e-05     2.68242e+02
    5.67529e-05     2.69933e+02
    5.71252e-05     2.71634e+02
    5.74999e-05     2.73346e+02
    5.78771e-05     2.75070e+02
    5.82568e-05     2.76803e+02
    5.86390e-05     2.78548e+02
    5.90237e-05     2.80304e+02
    5.94109e-05     2.82071e+02
    5.98006e-05     2.83849e+02
    6.01929e-05     2.85638e+02
    6.05878e-05     2.87439e+02
    6.09853e-05     2.89251e+02
    6.13853e-05     2.91074e+02
    6.17880e-05     2.92909e+02
    6.21934e-05     2.94755e+02
    6.26014e-05     2.96613e+02
    6.30121e-05     2.98483e+02
    6.34254e-05     3.00364e+02
    6.38415e-05     3.02258e+02
    6.42603e-05     3.04163e+02
    6.46819e-05     3.06080e+02
    6.51062e-05     3.08009e+02
    6.55333e-05     3.09951e+02
    6.59632e-05     3.11904e+02
    6.63959e-05     3.13870e+02
    6.68315e-05     3.15849e+02
    6.72699e-05     3.17839e+02
    6.77112e-05     3.19842e+02
    6.81554e-05     3.21858e+02
    6.86026e-05     3.23887e+02
    6.90526e-05     3.25928e+02
    6.95056e-05     3.27982e+02
    6.99616e-05     3.30049e+02
    7.04205e-05     3.32129e+02
    7.08825e-05     3.34222e+02
    7.13475e-05     3.36329e+02
    7.18156e-05     3.38449e+02
    7.22867e-05     3.40581e+02
    7.27609e-05     3.42728e+02
    7.32382e-05     3.44888e+02
    7.37187e-05     3.47061e+02
    7.42023e-05     3.49249e+02
    7.46891e-05     3.51450e+02
    7.51790e-05     3.53664e+02
    7.56722e-05     3.55893e+02
    7.61686e-05     3.58136e+02
    7.66683e-05     3.60393e+02
    7.71713e-05     3.62664e+02
    7.76775e-05     3.64950e+02
    7.81871e-05     3.67250e+02
    7.87000e-05     3.69564e+02
    7.92163e-05     3.71893e+02
    7.97360e-05     3.74237e+02
    8.02591e-05     3.76596e+02
    8.07856e-05     3.78969e+02
    8.13156e-05     3.81358e+02
    8.18490e-05     3.83761e+02
    8.23859e-05     3.86179e+02
    8.29264e-05     3.88613e+02
    8.34704e-05     3.91062e+02
    8.40180e-05     3.93527e+02
    8.45692e-05     3.96007e+02
    8.51240e-05     3.98503e+02
    8.56824e-05     4.01014e+02
    8.62445e-05     4.03541e+02
    8.68103e-05     4.06084e+02
    8.73798e-05     4.08643e+02
    8.79530e-05     4.11218e+02
    8.85300e-05     4.13809e+02
    8.91107e-05     4.16417e+02
    8.96953e-05     4.19041e+02
    9.02837e-05     4.21681e+02
    9.08760e-05     4.24338e+02
    9.14722e-05     4.27013e+02
    9.20723e-05     4.29703e+02
    9.26763e-05     4.32411e+02
    9.32842e-05     4.35136e+02
    9.38962e-05     4.37878e+02
    9.45122e-05     4.40637e+02
    9.51322e-05     4.43414e+02
    9.57563e-05     4.46209e+02
    9.63844e-05     4.49020e+02
    9.70167e-05     4.51849e+02
    9.76532e-05     4.54697e+02
    9.82938e-05     4.57563e+02
    9.89386e-05     4.60445e+02
    9.95877e-05     4.63347e+02
    1.00241e-04     4.66267e+02
    1.00899e-04     4.69207e+02
    1.01561e-04     4.72164e+02
    1.02227e-04     4.75139e+02
    1.02897e-04     4.78129e+02
    1.03572e-04     4.81143e+02
    1.04252e-04     4.84176e+02
    1.04936e-04     4.87227e+02
    1.05624e-04     4.90296e+02
    1.06317e-04     4.93385e+02
    1.07015e-04     4.96496e+02
    1.07717e-04     4.99624e+02
    1.08423e-04     5.02769e+02
    1.09135e-04     5.05939e+02
    1.09850e-04     5.09123e+02
    1.10571e-04     5.12332e+02
    1.11296e-04     5.15558e+02
    1.12027e-04     5.18810e+02
    1.12761e-04     5.22075e+02
    1.13501e-04     5.25364e+02
    1.14246e-04     5.28676e+02
    1.14995e-04     5.32004e+02
    1.15750e-04     5.35359e+02
    1.16509e-04     5.38730e+02
    1.17273e-04     5.42122e+02
    1.18043e-04     5.45540e+02
    1.18817e-04     5.48975e+02
    1.19597e-04     5.52436e+02
    1.20381e-04     5.55913e+02
    1.21171e-04     5.59417e+02
    1.21966e-04     5.62941e+02
    1.22766e-04     5.66486e+02
    1.23571e-04     5.70054e+02
    1.24382e-04     5.73647e+02
    1.25198e-04     5.77260e+02
    1.26019e-04     5.80895e+02
    1.26846e-04     5.84555e+02
    1.27678e-04     5.88237e+02
    1.28516e-04     5.91945e+02
    1.29359e-04     5.95673e+02
    1.30207e-04     5.99423e+02
    1.31061e-04     6.03197e+02
    1.31921e-04     6.06997e+02
    1.32787e-04     6.10824e+02
    1.33658e-04     6.14671e+02
    1.34535e-04     6.18544e+02
    1.35417e-04     6.22437e+02
    1.36306e-04     6.26360e+02
    1.37200e-04     6.30304e+02
    1.38100e-04     6.34275e+02
    1.39006e-04     6.38270e+02
    1.39918e-04     6.42290e+02
    1.40835e-04     6.46332e+02
    1.41759e-04     6.50403e+02
    1.42689e-04     6.54499e+02
    1.43625e-04     6.58621e+02
    1.44568e-04     6.62773e+02
    1.45516e-04     6.66945e+02
    1.46471e-04     6.71147e+02
    1.47432e-04     6.75374e+02
    1.48399e-04     6.79626e+02
    1.49372e-04     6.83904e+02
    1.50352e-04     6.88211e+02
    1.51338e-04     6.92544e+02
    1.52331e-04     6.96905e+02
    1.53331e-04     7.01297e+02
    1.54336e-04     7.05709e+02
    1.55349e-04     7.10154e+02
    1.56368e-04     7.14625e+02
    1.57394e-04     7.19125e+02
    1.58426e-04     7.23651e+02
    1.59466e-04     7.28210e+02
    1.60512e-04     7.32794e+02
    1.61565e-04     7.37408e+02
    1.62625e-04     7.42050e+02
    1.63692e-04     7.46723e+02
    1.64765e-04     7.51420e+02
    1.65846e-04     7.56150e+02
    1.66934e-04     7.60911e+02
    1.68029e-04     7.65700e+02
    1.69132e-04     7.70524e+02
    1.70241e-04     7.75371e+02
    1.71358e-04     7.80254e+02
    1.72482e-04     7.85165e+02
    1.73614e-04     7.90109e+02
    1.74753e-04     7.95082e+02
    1.75899e-04     8.00086e+02
    1.77053e-04     8.05122e+02
    1.78214e-04     8.10188e+02
    1.79384e-04     8.15291e+02
    1.80560e-04     8.20419e+02
    1.81745e-04     8.25585e+02
    1.82937e-04     8.30780e+02
    1.84137e-04     8.36009e+02
    1.85345e-04     8.41271e+02
    1.86561e-04     8.46566e+02
    1.87785e-04     8.51895e+02
    1.89017e-04     8.57256e+02
    1.90257e-04     8.62651e+02
    1.91505e-04     8.68081e+02
    1.92761e-04     8.73541e+02
    1.94026e-04     8.79041e+02
    1.95299e-04     8.84573e+02
    1.96580e-04     8.90138e+02
    1.97869e-04     8.95738e+02
    1.99168e-04     9.01378e+02
    2.00474e-04     9.07047e+02
    2.01789e-04     9.12754e+02
    2.03113e-04     9.18498e+02
    2.04445e-04     9.24274e+02
    2.05787e-04     9.30093e+02
    2.07137e-04     9.35943e+02
    2.08496e-04     9.41833e+02
    2.09863e-04     9.47754e+02
    2.11240e-04     9.53716e+02
    2.12626e-04     9.59716e+02
    2.14021e-04     9.65753e+02
    2.15425e-04     9.71828e+02
    2.16838e-04     9.77938e+02
    2.18260e-04     9.84087e+02
    2.19692e-04     9.90276e+02
    2.21133e-04     9.96504e+02
    2.22584e-04     1.00277e+03
    2.24044e-04     1.00908e+03
    2.25514e-04     1.01542e+03
    2.26993e-04     1.02181e+03
    2.28483e-04     1.02823e+03
    2.29981e-04     1.03470e+03
    2.31490e-04     1.04120e+03
    2.33009e-04     1.04775e+03
    2.34537e-04     1.05434e+03
    2.36076e-04     1.06097e+03
    2.37625e-04     1.06764e+03
    2.39184e-04     1.07435e+03
    2.40753e-04     1.08111e+03
    2.42332e-04     1.08790e+03
    2.43922e-04     1.09474e+03
    2.45522e-04     1.10162e+03
    2.47133e-04     1.10855e+03
    2.48754e-04     1.11551e+03
    2.50386e-04     1.12253e+03
    2.52028e-04     1.12958e+03
    2.53682e-04     1.13668e+03
    2.55346e-04     1.14382e+03
    2.57021e-04     1.15101e+03
    2.58707e-04     1.15824e+03
    2.60404e-04     1.16552e+03
    2.62113e-04     1.17285e+03
    2.63832e-04     1.18021e+03
    2.65563e-04     1.18763e+03
    2.67305e-04     1.19509e+03
    2.69059e-04     1.20260e+03
    2.70824e-04     1.21016e+03
    2.72600e-04     1.21775e+03
    2.74389e-04     1.22541e+03
    2.76189e-04     1.23310e+03
    2.78000e-04     1.24085e+03
    2.79824e-04     1.24864e+03
    2.81660e-04     1.25648e+03
    2.83508e-04     1.26438e+03
    2.85367e-04     1.27231e+03
    2.87240e-04     1.28031e+03
    2.89124e-04     1.28835e+03
    2.91021e-04     1.29644e+03
    2.92930e-04     1.30458e+03
    2.94851e-04     1.31277e+03
    2.96786e-04     1.32101e+03
    2.98733e-04     1.32931e+03
    3.00692e-04     1.33765e+03
    3.02665e-04     1.34605e+03
    3.04650e-04     1.35449e+03
    3.06649e-04     1.36300e+03
    3.08661e-04     1.37155e+03
    3.10686e-04     1.38016e+03
    3.12724e-04     1.38882e+03
    3.14775e-04     1.39753e+03
    3.16840e-04     1.40630e+03
    3.18919e-04     1.41513e+03
    3.21011e-04     1.42400e+03
    3.23117e-04     1.43294e+03
    3.25237e-04     1.44193e+03
    3.27370e-04     1.45097e+03
    3.29518e-04     1.46007e+03
    3.31679e-04     1.46922e+03
    3.33855e-04     1.47843e+03
    3.36045e-04     1.48770e+03
    3.38250e-04     1.49703e+03
    3.40469e-04     1.50642e+03
    3.42702e-04     1.51586e+03
    3.44951e-04     1.52537e+03
    3.47214e-04     1.53493e+03
    3.49491e-04     1.54455e+03
    3.51784e-04     1.55423e+03
    3.54092e-04     1.56397e+03
    3.56415e-04     1.57377e+03
    3.58753e-04     1.58364e+03
    3.61106e-04     1.59356e+03
    3.63475e-04     1.60354e+03
    3.65860e-04     1.61359e+03
    3.68260e-04     1.62370e+03
    3.70676e-04     1.63387e+03
    3.73107e-04     1.64410e+03
    3.75555e-04     1.65440e+03
    3.78019e-04     1.66477e+03
    3.80499e-04     1.67519e+03
    3.82995e-04     1.68568e+03
    3.85507e-04     1.69623e+03
    3.88036e-04     1.70685e+03
    3.90582e-04     1.71754e+03
    3.93144e-04     1.72829e+03
    3.95723e-04     1.73911e+03
    3.98319e-04     1.74999e+03
    4.00932e-04     1.76094e+03
    4.03563e-04     1.77196e+03
    4.06210e-04     1.78305e+03
    4.08875e-04     1.79420e+03
    4.11557e-04     1.80542e+03
    4.14257e-04     1.81672e+03
    4.16975e-04     1.82808e+03
    4.19710e-04     1.83951e+03
    4.22463e-04     1.85101e+03
    4.25235e-04     1.86259e+03
    4.28024e-04     1.87423e+03
    4.30832e-04     1.88595e+03
    4.33659e-04     1.89774e+03
    4.36504e-04     1.90960e+03
    4.39367e-04     1.92154e+03
    4.42249e-04     1.93354e+03
    4.45151e-04     1.94563e+03
    4.48071e-04     1.95778e+03
    4.51010e-04     1.97001e+03
    4.53969e-04     1.98232e+03
    4.56947e-04     1.99470e+03
    4.59945e-04     2.00715e+03
    4.62962e-04     2.01968e+03
    4.65999e-04     2.03229e+03
    4.69056e-04     2.04498e+03
    4.72133e-04     2.05774e+03
    4.75231e-04     2.07059e+03
    4.78348e-04     2.08350e+03
    4.81486e-04     2.09650e+03
    4.84645e-04     2.10959e+03
    4.87824e-04     2.12274e+03
    4.91025e-04     2.13599e+03
    4.94246e-04     2.14931e+03
    4.97488e-04     2.16271e+03
    5.00752e-04     2.17619e+03
    5.04037e-04     2.18976e+03
    5.07343e-04     2.20340e+03
    5.10672e-04     2.21714e+03
    5.14022e-04     2.23096e+03
    5.17394e-04     2.24485e+03
    5.20788e-04     2.25884e+03
    5.24204e-04     2.27291e+03
    5.27643e-04     2.28707e+03
    5.31105e-04     2.30131e+03
    5.34589e-04     2.31564e+03
    5.38096e-04     2.33005e+03
    5.41626e-04     2.34456e+03
    5.45179e-04     2.35915e+03
    5.48755e-04     2.37383e+03
    5.52355e-04     2.38860e+03
    5.55979e-04     2.40346e+03
    5.59626e-04     2.41841e+03
    5.63297e-04     2.43345e+03
    5.66993e-04     2.44858e+03
    5.70712e-04     2.46380e+03
    5.74456e-04     2.47912e+03
    5.78225e-04     2.49453e+03
    5.82018e-04     2.51003e+03
    5.85836e-04     2.52562e+03
    5.89679e-04     2.54131e+03
    5.93548e-04     2.55709e+03
    5.97442e-04     2.57298e+03
    6.01361e-04     2.58895e+03
    6.05306e-04     2.60502e+03
    6.09277e-04     2.62119e+03
    6.13274e-04     2.63745e+03
    6.17297e-04     2.65382e+03
    6.21347e-04     2.67027e+03
    6.25423e-04     2.68684e+03
    6.29526e-04     2.70349e+03
    6.33655e-04     2.72025e+03
    6.37812e-04     2.73711e+03
    6.41996e-04     2.75407e+03
    6.46208e-04     2.77114e+03
    6.50447e-04     2.78830e+03
    6.54714e-04     2.80557e+03
    6.59009e-04     2.82295e+03
    6.63333e-04     2.84043e+03
    6.67684e-04     2.85800e+03
    6.72064e-04     2.87569e+03
    6.76473e-04     2.89348e+03
    6.80911e-04     2.91138e+03
    6.85378e-04     2.92939e+03
    6.89874e-04     2.94750e+03
    6.94400e-04     2.96572e+03
    6.98955e-04     2.98405e+03
    7.03540e-04     3.00249e+03
    7.08156e-04     3.02104e+03
    7.12801e-04     3.03969e+03
    7.17478e-04     3.05847e+03
    7.22184e-04     3.07735e+03
    7.26922e-04     3.09635e+03
    7.31691e-04     3.11546e+03
    7.36491e-04     3.13468e+03
    7.41322e-04     3.15401e+03
    7.46185e-04     3.17346e+03
    7.51081e-04     3.19303e+03
    7.56008e-04     3.21271e+03
    7.60967e-04     3.23250e+03
    7.65959e-04     3.25242e+03
    7.70984e-04     3.27245e+03
    7.76042e-04     3.29261e+03
    7.81133e-04     3.31287e+03
    7.86257e-04     3.33327e+03
    7.91415e-04     3.35377e+03
    7.96607e-04     3.37441e+03
    8.01833e-04     3.39515e+03
    8.07093e-04     3.41603e+03
    8.12388e-04     3.43702e+03
    8.17717e-04     3.45815e+03
    8.23082e-04     3.47939e+03
    8.28481e-04     3.50076e+03
    8.33916e-04     3.52225e+03
    8.39387e-04     3.54387e+03
    8.44893e-04     3.56562e+03
    8.50436e-04     3.58749e+03
    8.56015e-04     3.60949e+03
    8.61631e-04     3.63162e+03
    8.67283e-04     3.65388e+03
    8.72973e-04     3.67627e+03
    8.78699e-04     3.69879e+03
    8.84464e-04     3.72144e+03
    8.90266e-04     3.74422e+03
    8.96106e-04     3.76713e+03
    9.01985e-04     3.79019e+03
    9.07902e-04     3.81337e+03
    9.13858e-04     3.83668e+03
    9.19853e-04     3.86013e+03
    9.25888e-04     3.88372e+03
    9.31962e-04     3.90745e+03
    9.38076e-04     3.93130e+03
    9.44229e-04     3.95530e+03
    9.50424e-04     3.97944e+03
    9.56659e-04     4.00371e+03
    9.62935e-04     4.02813e+03
    9.69252e-04     4.05269e+03
    9.75610e-04     4.07738e+03
    9.82010e-04     4.10222e+03
    9.88452e-04     4.12720e+03
    9.94937e-04     4.15233e+03
    1.00146e-03     4.17758e+03
    1.00803e-03     4.20299e+03
    1.01465e-03     4.22857e+03
    1.02130e-03     4.25425e+03
    1.02800e-03     4.28010e+03
    1.03475e-03     4.30612e+03
    1.04153e-03     4.33224e+03
    1.04837e-03     4.35855e+03
    1.05524e-03     4.38496e+03
    1.06217e-03     4.41158e+03
    1.06914e-03     4.43834e+03
    1.07615e-03     4.46521e+03
    1.08321e-03     4.49226e+03
    1.09031e-03     4.51943e+03
    1.09747e-03     4.54681e+03
    1.10467e-03     4.57432e+03
    1.11191e-03     4.60195e+03
    1.11921e-03     4.62978e+03
    1.12655e-03     4.65775e+03
    1.13394e-03     4.68587e+03
    1.14138e-03     4.71417e+03
    1.14887e-03     4.74263e+03
    1.15640e-03     4.77120e+03
    1.16399e-03     4.79999e+03
    1.17163e-03     4.82892e+03
    1.17931e-03     4.85799e+03
    1.18705e-03     4.88725e+03
    1.19484e-03     4.91667e+03
    1.20267e-03     4.94622e+03
    1.21056e-03     4.97595e+03
    1.21851e-03     5.00589e+03
    1.22650e-03     5.03594e+03
    1.23455e-03     5.06620e+03
    1.24264e-03     5.09656e+03
    1.25080e-03     5.12716e+03
    1.25900e-03     5.15788e+03
    1.26726e-03     5.18879e+03
    1.27557e-03     5.21984e+03
    1.28394e-03     5.25110e+03
    1.29237e-03     5.28254e+03
    1.30084e-03     5.31410e+03
    1.30938e-03     5.34587e+03
    1.31797e-03     5.37781e+03
    1.32661e-03     5.40988e+03
    1.33532e-03     5.44219e+03
    1.34408e-03     5.47465e+03
    1.35289e-03     5.50725e+03
    1.36177e-03     5.54007e+03
    1.37070e-03     5.57304e+03
    1.37969e-03     5.60620e+03
    1.38874e-03     5.63953e+03
    1.39786e-03     5.67309e+03
    1.40703e-03     5.70678e+03
    1.41626e-03     5.74066e+03
    1.42555e-03     5.77472e+03
    1.43490e-03     5.80896e+03
    1.44431e-03     5.84336e+03
    1.45379e-03     5.87799e+03
    1.46332e-03     5.91276e+03
    1.47292e-03     5.94774e+03
    1.48259e-03     5.98293e+03
    1.49231e-03     6.01825e+03
    1.50210e-03     6.05379e+03
    1.51196e-03     6.08954e+03
    1.52187e-03     6.12541e+03
    1.53186e-03     6.16154e+03
    1.54191e-03     6.19783e+03
    1.55202e-03     6.23428e+03
    1.56220e-03     6.27094e+03
    1.57245e-03     6.30780e+03
    1.58277e-03     6.34488e+03
    1.59315e-03     6.38210e+03
    1.60360e-03     6.41954e+03
    1.61412e-03     6.45716e+03
    1.62471e-03     6.49499e+03
    1.63537e-03     6.53301e+03
    1.64610e-03     6.57124e+03
    1.65690e-03     6.60964e+03
    1.66777e-03     6.64825e+03
    1.67871e-03     6.68705e+03
    1.68972e-03     6.72603e+03
    1.70080e-03     6.76521e+03
    1.71196e-03     6.80461e+03
    1.72319e-03     6.84421e+03
    1.73450e-03     6.88402e+03
    1.74588e-03     6.92402e+03
    1.75733e-03     6.96420e+03
    1.76886e-03     7.00461e+03
    1.78046e-03     7.04520e+03
    1.79214e-03     7.08599e+03
    1.80390e-03     7.12700e+03
    1.81573e-03     7.16821e+03
    1.82764e-03     7.20961e+03
    1.83963e-03     7.25123e+03
    1.85170e-03     7.29306e+03
    1.86385e-03     7.33509e+03
    1.87608e-03     7.37734e+03
    1.88838e-03     7.41977e+03
    1.90077e-03     7.46242e+03
    1.91324e-03     7.50528e+03
    1.92579e-03     7.54834e+03
    1.93843e-03     7.59164e+03
    1.95114e-03     7.63510e+03
    1.96394e-03     7.67879e+03
    1.97683e-03     7.72272e+03
    1.98979e-03     7.76680e+03
    2.00285e-03     7.81115e+03
    2.01599e-03     7.85570e+03
    2.02921e-03     7.90043e+03
    2.04252e-03     7.94538e+03
    2.05592e-03     7.99055e+03
    2.06941e-03     8.03595e+03
    2.08299e-03     8.08157e+03
    2.09665e-03     8.12736e+03
    2.11041e-03     8.17341e+03
    2.12425e-03     8.21964e+03
    2.13819e-03     8.26612e+03
    2.15221e-03     8.31276e+03
    2.16633e-03     8.35967e+03
    2.18054e-03     8.40676e+03
    2.19485e-03     8.45411e+03
    2.20925e-03     8.50165e+03
    2.22374e-03     8.54939e+03
    2.23833e-03     8.59736e+03
    2.25301e-03     8.64554e+03
    2.26779e-03     8.69395e+03
    2.28267e-03     8.74258e+03
    2.29764e-03     8.79140e+03
    2.31272e-03     8.84050e+03
    2.32789e-03     8.88977e+03
    2.34316e-03     8.93927e+03
    2.35853e-03     8.98896e+03
    2.37400e-03     9.03889e+03
    2.38958e-03     9.08908e+03
    2.40525e-03     9.13943e+03
    2.42103e-03     9.19003e+03
    2.43692e-03     9.24085e+03
    2.45290e-03     9.29187e+03
    2.46899e-03     9.34312e+03
    2.48519e-03     9.39460e+03
    2.50149e-03     9.44629e+03
    2.51790e-03     9.49821e+03
    2.53442e-03     9.55034e+03
    2.55105e-03     9.60272e+03
    2.56778e-03     9.65527e+03
    2.58463e-03     9.70811e+03
    2.60158e-03     9.76110e+03
    2.61865e-03     9.81436e+03
    2.63583e-03     9.86781e+03
    2.65312e-03     9.92149e+03
    2.67053e-03     9.97541e+03
    2.68805e-03     1.00295e+04
    2.70568e-03     1.00839e+04
    2.72343e-03     1.01384e+04
    2.74130e-03     1.01932e+04
    2.75928e-03     1.02482e+04
    2.77738e-03     1.03035e+04
    2.79560e-03     1.03589e+04
    2.81394e-03     1.04146e+04
    2.83240e-03     1.04704e+04
    2.85098e-03     1.05265e+04
    2.86968e-03     1.05829e+04
    2.88851e-03     1.06394e+04
    2.90746e-03     1.06962e+04
    2.92653e-03     1.07531e+04
    2.94573e-03     1.08103e+04
    2.96505e-03     1.08677e+04
    2.98451e-03     1.09254e+04
    3.00408e-03     1.09832e+04
    3.02379e-03     1.10413e+04
    3.04363e-03     1.10996e+04
    3.06360e-03     1.11581e+04
    3.08369e-03     1.12167e+04
    3.10392e-03     1.12757e+04
    3.12429e-03     1.13349e+04
    3.14478e-03     1.13942e+04
    3.16541e-03     1.14537e+04
    3.18618e-03     1.15135e+04
    3.20708e-03     1.15735e+04
    3.22812e-03     1.16337e+04
    3.24929e-03     1.16941e+04
    3.27061e-03     1.17548e+04
    3.29207e-03     1.18156e+04
    3.31366e-03     1.18767e+04
    3.33540e-03     1.19379e+04
    3.35728e-03     1.19994e+04
    3.37931e-03     1.20611e+04
    3.40148e-03     1.21230e+04
    3.42379e-03     1.21850e+04
    3.44625e-03     1.22473e+04
    3.46886e-03     1.23098e+04
    3.49161e-03     1.23725e+04
    3.51452e-03     1.24354e+04
    3.53758e-03     1.24985e+04
    3.56078e-03     1.25618e+04
    3.58414e-03     1.26253e+04
    3.60766e-03     1.26890e+04
    3.63132e-03     1.27529e+04
    3.65514e-03     1.28170e+04
    3.67912e-03     1.28813e+04
    3.70326e-03     1.29458e+04
    3.72755e-03     1.30104e+04
    3.75201e-03     1.30753e+04
    3.77662e-03     1.31404e+04
    3.80139e-03     1.32056e+04
    3.82633e-03     1.32711e+04
    3.85143e-03     1.33367e+04
    3.87670e-03     1.34026e+04
    3.90213e-03     1.34686e+04
    3.92773e-03     1.35348e+04
    3.95350e-03     1.36012e+04
    3.97943e-03     1.36677e+04
    4.00554e-03     1.37344e+04
    4.03182e-03     1.38014e+04
    4.05826e-03     1.38684e+04
    4.08489e-03     1.39357e+04
    4.11169e-03     1.40032e+04
    4.13866e-03     1.40708e+04
    4.16581e-03     1.41386e+04
    4.19314e-03     1.42066e+04
    4.22065e-03     1.42747e+04
    4.24833e-03     1.43430e+04
    4.27620e-03     1.44114e+04
    4.30426e-03     1.44801e+04
    4.33249e-03     1.45489e+04
    4.36091e-03     1.46178e+04
    4.38952e-03     1.46869e+04
    4.41832e-03     1.47562e+04
    4.44730e-03     1.48256e+04
    4.47648e-03     1.48952e+04
    4.50585e-03     1.49649e+04
    4.53540e-03     1.50347e+04
    4.56516e-03     1.51048e+04
    4.59511e-03     1.51749e+04
    4.62525e-03     1.52452e+04
    4.65559e-03     1.53156e+04
    4.68613e-03     1.53862e+04
    4.71688e-03     1.54569e+04
    4.74782e-03     1.55277e+04
    4.77897e-03     1.55987e+04
    4.81032e-03     1.56698e+04
    4.84187e-03     1.57410e+04
    4.87364e-03     1.58124e+04
    4.90561e-03     1.58839e+04
    4.93779e-03     1.59555e+04
    4.97018e-03     1.60272e+04
    5.00279e-03     1.60990e+04
    5.03561e-03     1.61709e+04
    5.06864e-03     1.62430e+04
    5.10189e-03     1.63151e+04
    5.13536e-03     1.63873e+04
    5.16905e-03     1.64597e+04
    5.20296e-03     1.65321e+04
    5.23709e-03     1.66047e+04
    5.27145e-03     1.66773e+04
    5.30603e-03     1.67500e+04
    5.34084e-03     1.68228e+04
    5.37588e-03     1.68957e+04
    5.41114e-03     1.69687e+04
    5.44664e-03     1.70417e+04
    5.48237e-03     1.71148e+04
    5.51834e-03     1.71880e+04
    5.55454e-03     1.72613e+04
    5.59098e-03     1.73346e+04
    5.62766e-03     1.74080e+04
    5.66458e-03     1.74814e+04
    5.70174e-03     1.75549e+04
    5.73914e-03     1.76284e+04
    5.77679e-03     1.77020e+04
    5.81469e-03     1.77756e+04
    5.85283e-03     1.78492e+04
    5.89123e-03     1.79230e+04
    5.92987e-03     1.79966e+04
    5.96878e-03     1.80704e+04
    6.00793e-03     1.81442e+04
    6.04735e-03     1.82180e+04
    6.08702e-03     1.82918e+04
    6.12695e-03     1.83656e+04
    6.16714e-03     1.84395e+04
    6.20760e-03     1.85133e+04
    6.24832e-03     1.85871e+04
    6.28931e-03     1.86610e+04
    6.33057e-03     1.87348e+04
    6.37210e-03     1.88086e+04
    6.41390e-03     1.88824e+04
    6.45598e-03     1.89562e+04
    6.49833e-03     1.90300e+04
    6.54096e-03     1.91037e+04
    6.58387e-03     1.91774e+04
    6.62706e-03     1.92511e+04
    6.67054e-03     1.93247e+04
    6.71430e-03     1.93983e+04
    6.75835e-03     1.94718e+04
    6.80268e-03     1.95452e+04
    6.84731e-03     1.96187e+04
    6.89223e-03     1.96920e+04
    6.93744e-03     1.97652e+04
    6.98295e-03     1.98384e+04
    7.02876e-03     1.99115e+04
    7.07487e-03     1.99845e+04
    7.12128e-03     2.00574e+04
    7.16800e-03     2.01302e+04
    7.21503e-03     2.02030e+04
    7.26236e-03     2.02756e+04
    7.31000e-03     2.03481e+04
    7.35795e-03     2.04204e+04
    7.40622e-03     2.04927e+04
    7.45481e-03     2.05648e+04
    7.50371e-03     2.06368e+04
    7.55294e-03     2.07086e+04
    7.60249e-03     2.07803e+04
    7.65236e-03     2.08519e+04
    7.70256e-03     2.09233e+04
    7.75309e-03     2.09945e+04
    7.80396e-03     2.10656e+04
    7.85515e-03     2.11364e+04
    7.90668e-03     2.12071e+04
    7.95855e-03     2.12777e+04
    8.01076e-03     2.13480e+04
    8.06331e-03     2.14181e+04
    8.11621e-03     2.14880e+04
    8.16945e-03     2.15577e+04
    8.22305e-03     2.16272e+04
    8.27699e-03     2.16964e+04
    8.33129e-03     2.17654e+04
    8.38594e-03     2.18342e+04
    8.44096e-03     2.19028e+04
    8.49633e-03     2.19710e+04
    8.55207e-03     2.20390e+04
    8.60817e-03     2.21068e+04
    8.66464e-03     2.21742e+04
    8.72148e-03     2.22415e+04
    8.77870e-03     2.23084e+04
    8.83629e-03     2.23750e+04
    8.89426e-03     2.24413e+04
    8.95260e-03     2.25073e+04
    9.01134e-03     2.25730e+04
    9.07045e-03     2.26383e+04
    9.12995e-03     2.27033e+04
    9.18985e-03     2.27681e+04
    9.25014e-03     2.28324e+04
    9.31082e-03     2.28963e+04
    9.37190e-03     2.29600e+04
    9.43338e-03     2.30232e+04
    9.49526e-03     2.30861e+04
    9.55756e-03     2.31485e+04
    9.62025e-03     2.32106e+04
    9.68337e-03     2.32723e+04
    9.74689e-03     2.33336e+04
    9.81083e-03     2.33944e+04
    9.87519e-03     2.34549e+04
    9.93998e-03     2.35148e+04
    1.00052e-02     2.35745e+04
    1.00708e-02     2.36335e+04
    1.01369e-02     2.36922e+04
    1.02034e-02     2.37504e+04
    1.02703e-02     2.38080e+04
    1.03377e-02     2.38653e+04
    1.04055e-02     2.39220e+04
    1.04738e-02     2.39783e+04
    1.05425e-02     2.40341e+04
    1.06116e-02     2.40892e+04
    1.06813e-02     2.41441e+04
    1.07513e-02     2.41981e+04
    1.08219e-02     2.42519e+04
    1.08929e-02     2.43050e+04
    1.09643e-02     2.43574e+04
    1.10362e-02     2.44093e+04
    1.11086e-02     2.44606e+04
    1.11815e-02     2.45115e+04
    1.12549e-02     2.45618e+04
    1.13287e-02     2.46113e+04
    1.14030e-02     2.46602e+04
    1.14778e-02     2.47086e+04
    1.15531e-02     2.47563e+04
    1.16289e-02     2.48033e+04
    1.17052e-02     2.48498e+04
    1.17820e-02     2.48956e+04
    1.18593e-02     2.49407e+04
    1.19371e-02     2.49851e+04
    1.20154e-02     2.50288e+04
    1.20942e-02     2.50717e+04
    1.21736e-02     2.51142e+04
    1.22534e-02     2.51556e+04
    1.23338e-02     2.51965e+04
    1.24147e-02     2.52365e+04
    1.24962e-02     2.52760e+04
    1.25781e-02     2.53145e+04
    1.26606e-02     2.53523e+04
    1.27437e-02     2.53894e+04
    1.28273e-02     2.54256e+04
    1.29115e-02     2.54612e+04
    1.29962e-02     2.54959e+04
    1.30814e-02     2.55296e+04
    1.31672e-02     2.55626e+04
    1.32536e-02     2.55948e+04
    1.33406e-02     2.56262e+04
    1.34281e-02     2.56566e+04
    1.35162e-02     2.56862e+04
    1.36048e-02     2.57148e+04
    1.36941e-02     2.57428e+04
    1.37839e-02     2.57697e+04
    1.38743e-02     2.57957e+04
    1.39654e-02     2.58210e+04
    1.40570e-02     2.58451e+04
    1.41492e-02     2.58684e+04
    1.42420e-02     2.58907e+04
    1.43354e-02     2.59120e+04
    1.44295e-02     2.59325e+04
    1.45241e-02     2.59518e+04
    1.46194e-02     2.59703e+04
    1.47153e-02     2.59877e+04
    1.48119e-02     2.60043e+04
    1.49090e-02     2.60196e+04
    1.50068e-02     2.60341e+04
    1.51053e-02     2.60476e+04
    1.52044e-02     2.60598e+04
    1.53041e-02     2.60711e+04
    1.54045e-02     2.60814e+04
    1.55056e-02     2.60906e+04
    1.56073e-02     2.60986e+04
    1.57097e-02     2.61056e+04
    1.58127e-02     2.61114e+04
    1.59165e-02     2.61163e+04
    1.60209e-02     2.61199e+04
    1.61260e-02     2.61225e+04
    1.62318e-02     2.61240e+04
    1.63383e-02     2.61242e+04
    1.64454e-02     2.61233e+04
    1.65533e-02     2.61213e+04
    1.66619e-02     2.61181e+04
    1.67712e-02     2.61137e+04
    1.68812e-02     2.61082e+04
    1.69920e-02     2.61016e+04
    1.71035e-02     2.60937e+04
    1.72157e-02     2.60846e+04
    1.73286e-02     2.60742e+04
    1.74423e-02     2.60627e+04
    1.75567e-02     2.60499e+04
    1.76719e-02     2.60360e+04
    1.77878e-02     2.60207e+04
    1.79045e-02     2.60043e+04
    1.80220e-02     2.59866e+04
    1.81402e-02     2.59676e+04
    1.82592e-02     2.59474e+04
    1.83790e-02     2.59260e+04
    1.84995e-02     2.59031e+04
    1.86209e-02     2.58791e+04
    1.87431e-02     2.58539e+04
    1.88660e-02     2.58272e+04
    1.89898e-02     2.57993e+04
    1.91144e-02     2.57701e+04
    1.92397e-02     2.57395e+04
    1.93660e-02     2.57079e+04
    1.94930e-02     2.56747e+04
    1.96209e-02     2.56403e+04
    1.97496e-02     2.56046e+04
    1.98792e-02     2.55676e+04
    2.00096e-02     2.55293e+04
    2.01408e-02     2.54895e+04
    2.02730e-02     2.54486e+04
    2.04060e-02     2.54063e+04
    2.05398e-02     2.53626e+04
    2.06746e-02     2.53176e+04
    2.08102e-02     2.52713e+04
    2.09467e-02     2.52237e+04
    2.10841e-02     2.51747e+04
    2.12225e-02     2.51245e+04
    2.13617e-02     2.50729e+04
    2.15018e-02     2.50199e+04
    2.16429e-02     2.49657e+04
    2.17848e-02     2.49100e+04
    2.19278e-02     2.48533e+04
    2.20716e-02     2.47950e+04
    2.22164e-02     2.47357e+04
    2.23621e-02     2.46748e+04
    2.25088e-02     2.46127e+04
    2.26565e-02     2.45494e+04
    2.28051e-02     2.44847e+04
    2.29547e-02     2.44189e+04
    2.31053e-02     2.43517e+04
    2.32569e-02     2.42832e+04
    2.34095e-02     2.42136e+04
    2.35630e-02     2.41425e+04
    2.37176e-02     2.40704e+04
    2.38732e-02     2.39968e+04
    2.40298e-02     2.39222e+04
    2.41875e-02     2.38464e+04
    2.43461e-02     2.37693e+04
    2.45059e-02     2.36910e+04
    2.46666e-02     2.36115e+04
    2.48284e-02     2.35309e+04
    2.49913e-02     2.34491e+04
    2.51553e-02     2.33662e+04
    2.53203e-02     2.32821e+04
    2.54864e-02     2.31969e+04
    2.56536e-02     2.31106e+04
    2.58219e-02     2.30232e+04
    2.59913e-02     2.29348e+04
    2.61618e-02     2.28452e+04
    2.63334e-02     2.27545e+04
    2.65062e-02     2.26630e+04
    2.66800e-02     2.25702e+04
    2.68551e-02     2.24767e+04
    2.70312e-02     2.23821e+04
    2.72086e-02     2.22865e+04
    2.73871e-02     2.21901e+04
    2.75667e-02     2.20926e+04
    2.77476e-02     2.19944e+04
    2.79296e-02     2.18953e+04
    2.81128e-02     2.17952e+04
    2.82973e-02     2.16944e+04
    2.84829e-02     2.15927e+04
    2.86697e-02     2.14902e+04
    2.88578e-02     2.13870e+04
    2.90471e-02     2.12831e+04
    2.92377e-02     2.11784e+04
    2.94295e-02     2.10731e+04
    2.96226e-02     2.09671e+04
    2.98169e-02     2.08605e+04
    3.00125e-02     2.07533e+04
    3.02094e-02     2.06455e+04
    3.04076e-02     2.05372e+04
    3.06070e-02     2.04283e+04
    3.08078e-02     2.03189e+04
    3.10099e-02     2.02090e+04
    3.12134e-02     2.00988e+04
    3.14181e-02     1.99881e+04
    3.16242e-02     1.98770e+04
    3.18317e-02     1.97657e+04
    3.20405e-02     1.96539e+04
    3.22507e-02     1.95419e+04
    3.24623e-02     1.94296e+04
    3.26752e-02     1.93171e+04
    3.28896e-02     1.92044e+04
    3.31053e-02     1.90916e+04
    3.33225e-02     1.89786e+04
    3.35411e-02     1.88655e+04
    3.37612e-02     1.87523e+04
    3.39826e-02     1.86392e+04
    3.42056e-02     1.85260e+04
    3.44300e-02     1.84129e+04
    3.46558e-02     1.82998e+04
    3.48832e-02     1.81868e+04
    3.51120e-02     1.80739e+04
    3.53424e-02     1.79612e+04
    3.55742e-02     1.78487e+04
    3.58076e-02     1.77365e+04
    3.60425e-02     1.76245e+04
    3.62789e-02     1.75127e+04
    3.65169e-02     1.74013e+04
    3.67565e-02     1.72903e+04
    3.69976e-02     1.71795e+04
    3.72403e-02     1.70693e+04
    3.74846e-02     1.69596e+04
    3.77305e-02     1.68503e+04
    3.79781e-02     1.67416e+04
    3.82272e-02     1.66333e+04
    3.84780e-02     1.65256e+04
    3.87304e-02     1.64186e+04
    3.89845e-02     1.63121e+04
    3.92402e-02     1.62064e+04
    3.94976e-02     1.61013e+04
    3.97568e-02     1.59970e+04
    4.00176e-02     1.58934e+04
    4.02801e-02     1.57905e+04
    4.05443e-02     1.56885e+04
    4.08103e-02     1.55872e+04
    4.10780e-02     1.54868e+04
    4.13475e-02     1.53872e+04
    4.16188e-02     1.52886e+04
    4.18918e-02     1.51909e+04
    4.21666e-02     1.50942e+04
    4.24432e-02     1.49984e+04
    4.27217e-02     1.49036e+04
    4.30019e-02     1.48097e+04
    4.32840e-02     1.47169e+04
    4.35680e-02     1.46252e+04
    4.38538e-02     1.45344e+04
    4.41415e-02     1.44447e+04
    4.44311e-02     1.43560e+04
    4.47225e-02     1.42684e+04
    4.50159e-02     1.41819e+04
    4.53112e-02     1.40965e+04
    4.56085e-02     1.40122e+04
    4.59077e-02     1.39290e+04
    4.62088e-02     1.38470e+04
    4.65120e-02     1.37661e+04
    4.68171e-02     1.36863e+04
    4.71242e-02     1.36077e+04
    4.74334e-02     1.35302e+04
    4.77445e-02     1.34539e+04
    4.80578e-02     1.33786e+04
    4.83730e-02     1.33044e+04
    4.86904e-02     1.32314e+04
    4.90098e-02     1.31595e+04
    4.93313e-02     1.30886e+04
    4.96549e-02     1.30189e+04
    4.99807e-02     1.29502e+04
    5.03085e-02     1.28825e+04
    5.06386e-02     1.28160e+04
    5.09708e-02     1.27506e+04
    5.13052e-02     1.26862e+04
    5.16417e-02     1.26226e+04
    5.19805e-02     1.25602e+04
    5.23215e-02     1.24986e+04
    5.26647e-02     1.24379e+04
    5.30102e-02     1.23781e+04
    5.33580e-02     1.23192e+04
    5.37080e-02     1.22611e+04
    5.40604e-02     1.22038e+04
    5.44150e-02     1.21472e+04
    5.47720e-02     1.20915e+04
    5.51313e-02     1.20363e+04
    5.54930e-02     1.19818e+04
    5.58570e-02     1.19280e+04
    5.62234e-02     1.18746e+04
    5.65923e-02     1.18219e+04
    5.69635e-02     1.17696e+04
    5.73372e-02     1.17176e+04
    5.77134e-02     1.16661e+04
    5.80920e-02     1.16150e+04
    5.84731e-02     1.15641e+04
    5.88567e-02     1.15134e+04
    5.92428e-02     1.14630e+04
    5.96314e-02     1.14126e+04
    6.00226e-02     1.13624e+04
    6.04164e-02     1.13122e+04
    6.08127e-02     1.12620e+04
    6.12116e-02     1.12117e+04
    6.16132e-02     1.11612e+04
    6.20174e-02     1.11105e+04
    6.24242e-02     1.10596e+04
    6.28338e-02     1.10084e+04
    6.32460e-02     1.09568e+04
    6.36609e-02     1.09047e+04
    6.40785e-02     1.08522e+04
    6.44989e-02     1.07991e+04
    6.49220e-02     1.07455e+04
    6.53479e-02     1.06911e+04
    6.57766e-02     1.06362e+04
    6.62081e-02     1.05805e+04
    6.66424e-02     1.05240e+04
    6.70796e-02     1.04666e+04
    6.75197e-02     1.04084e+04
    6.79626e-02     1.03492e+04
    6.84084e-02     1.02890e+04
    6.88572e-02     1.02279e+04
    6.93089e-02     1.01657e+04
    6.97636e-02     1.01025e+04
    7.02213e-02     1.00382e+04
    7.06819e-02     9.97272e+03
    7.11456e-02     9.90615e+03
    7.16123e-02     9.83838e+03
    7.20821e-02     9.76942e+03
    7.25550e-02     9.69918e+03
    7.30310e-02     9.62785e+03
    7.35101e-02     9.55534e+03
    7.39923e-02     9.48165e+03
    7.44777e-02     9.40680e+03
    7.49663e-02     9.33079e+03
    7.54581e-02     9.25373e+03
    7.59531e-02     9.17552e+03
    7.64514e-02     9.09617e+03
    7.69529e-02     9.01579e+03
    7.74577e-02     8.93438e+03
    7.79659e-02     8.85208e+03
    7.84773e-02     8.76875e+03
    7.89922e-02     8.68454e+03
    7.95104e-02     8.59953e+03
    8.00320e-02     8.51365e+03
    8.05570e-02     8.42700e+03
    8.10855e-02     8.33960e+03
    8.16174e-02     8.25164e+03
    8.21528e-02     8.16324e+03
    8.26918e-02     8.07421e+03
    8.32342e-02     7.98495e+03
    8.37803e-02     7.89539e+03
    8.43299e-02     7.80560e+03
    8.48831e-02     7.71562e+03
    8.54400e-02     7.62574e+03
    8.60005e-02     7.53586e+03
    8.65646e-02     7.44618e+03
    8.71325e-02     7.35672e+03
    8.77041e-02     7.26767e+03
    8.82795e-02     7.17914e+03
    8.88586e-02     7.09101e+03
    8.94415e-02     7.00369e+03
    9.00283e-02     6.91698e+03
    9.06189e-02     6.83117e+03
    9.12134e-02     6.74625e+03
    9.18117e-02     6.66241e+03
    9.24140e-02     6.57966e+03
    9.30203e-02     6.49817e+03
    9.36305e-02     6.41803e+03
    9.42447e-02     6.33915e+03
    9.48630e-02     6.26170e+03
    9.54853e-02     6.18577e+03
    9.61117e-02     6.11145e+03
    9.67422e-02     6.03863e+03
    9.73769e-02     5.96750e+03
    9.80157e-02     5.89804e+03
    9.86587e-02     5.83033e+03
    9.93059e-02     5.76447e+03
    9.99574e-02     5.70052e+03
    1.00613e-01     5.63839e+03
    1.01273e-01     5.57834e+03
    1.01938e-01     5.52022e+03
    1.02606e-01     5.46392e+03
    1.03279e-01     5.40961e+03
    1.03957e-01     5.35712e+03
    1.04639e-01     5.30655e+03
    1.05325e-01     5.25773e+03
    1.06016e-01     5.21071e+03
    1.06712e-01     5.16554e+03
    1.07412e-01     5.12203e+03
    1.08116e-01     5.08023e+03
    1.08826e-01     5.04025e+03
    1.09540e-01     5.00189e+03
    1.10258e-01     4.96499e+03
    1.10982e-01     4.92954e+03
    1.11710e-01     4.89544e+03
    1.12442e-01     4.86253e+03
    1.13180e-01     4.83079e+03
    1.13923e-01     4.80019e+03
    1.14670e-01     4.77034e+03
    1.15422e-01     4.74135e+03
    1.16179e-01     4.71315e+03
    1.16942e-01     4.68560e+03
    1.17709e-01     4.65852e+03
    1.18481e-01     4.63179e+03
    1.19258e-01     4.60532e+03
    1.20040e-01     4.57892e+03
    1.20828e-01     4.55264e+03
    1.21621e-01     4.52618e+03
    1.22418e-01     4.49941e+03
    1.23222e-01     4.47225e+03
    1.24030e-01     4.44461e+03
    1.24844e-01     4.41638e+03
    1.25663e-01     4.38745e+03
    1.26487e-01     4.35769e+03
    1.27317e-01     4.32709e+03
    1.28152e-01     4.29555e+03
    1.28993e-01     4.26303e+03
    1.29839e-01     4.22942e+03
    1.30691e-01     4.19469e+03
    1.31548e-01     4.15874e+03
    1.32411e-01     4.12152e+03
    1.33280e-01     4.08305e+03
    1.34154e-01     4.04332e+03
    1.35034e-01     4.00240e+03
    1.35920e-01     3.96036e+03
    1.36811e-01     3.91718e+03
    1.37709e-01     3.87297e+03
    1.38612e-01     3.82772e+03
    1.39522e-01     3.78154e+03
    1.40437e-01     3.73442e+03
    1.41358e-01     3.68649e+03
    1.42286e-01     3.63792e+03
    1.43219e-01     3.58878e+03
    1.44159e-01     3.53927e+03
    1.45104e-01     3.48944e+03
    1.46056e-01     3.43951e+03
    1.47014e-01     3.38955e+03
    1.47979e-01     3.33972e+03
    1.48950e-01     3.29013e+03
    1.49927e-01     3.24092e+03
    1.50910e-01     3.19222e+03
    1.51900e-01     3.14420e+03
    1.52897e-01     3.09697e+03
    1.53900e-01     3.05066e+03
    1.54909e-01     3.00538e+03
    1.55926e-01     2.96131e+03
    1.56948e-01     2.91845e+03
    1.57978e-01     2.87695e+03
    1.59014e-01     2.83679e+03
    1.60058e-01     2.79808e+03
    1.61108e-01     2.76084e+03
    1.62165e-01     2.72513e+03
    1.63228e-01     2.69100e+03
    1.64299e-01     2.65850e+03
    1.65377e-01     2.62757e+03
    1.66462e-01     2.59817e+03
    1.67554e-01     2.57025e+03
    1.68653e-01     2.54376e+03
    1.69760e-01     2.51866e+03
    1.70873e-01     2.49488e+03
    1.71994e-01     2.47241e+03
    1.73122e-01     2.45109e+03
    1.74258e-01     2.43082e+03
    1.75401e-01     2.41146e+03
    1.76552e-01     2.39289e+03
    1.77710e-01     2.37497e+03
    1.78876e-01     2.35760e+03
    1.80049e-01     2.34062e+03
    1.81231e-01     2.32393e+03
    1.82420e-01     2.30736e+03
    1.83616e-01     2.29079e+03
    1.84821e-01     2.27409e+03
    1.86033e-01     2.25711e+03
    1.87254e-01     2.23973e+03
    1.88482e-01     2.22184e+03
    1.89719e-01     2.20339e+03
    1.90963e-01     2.18428e+03
    1.92216e-01     2.16446e+03
    1.93477e-01     2.14386e+03
    1.94746e-01     2.12241e+03
    1.96024e-01     2.10009e+03
    1.97310e-01     2.07693e+03
    1.98604e-01     2.05297e+03
    1.99907e-01     2.02826e+03
    2.01218e-01     2.00282e+03
    2.02538e-01     1.97672e+03
    2.03867e-01     1.95003e+03
    2.05204e-01     1.92285e+03
    2.06551e-01     1.89531e+03
    2.07906e-01     1.86752e+03
    2.09269e-01     1.83959e+03
    2.10642e-01     1.81167e+03
    2.12024e-01     1.78385e+03
    2.13415e-01     1.75627e+03
    2.14815e-01     1.72905e+03
    2.16224e-01     1.70232e+03
    2.17643e-01     1.67619e+03
    2.19071e-01     1.65077e+03
    2.20508e-01     1.62614e+03
    2.21954e-01     1.60234e+03
    2.23410e-01     1.57944e+03
    2.24876e-01     1.55750e+03
    2.26351e-01     1.53656e+03
    2.27836e-01     1.51663e+03
    2.29331e-01     1.49769e+03
    2.30835e-01     1.47970e+03
    2.32350e-01     1.46264e+03
    2.33874e-01     1.44646e+03
    2.35408e-01     1.43113e+03
    2.36952e-01     1.41653e+03
    2.38507e-01     1.40259e+03
    2.40071e-01     1.38918e+03
    2.41646e-01     1.37623e+03
    2.43232e-01     1.36363e+03
    2.44827e-01     1.35126e+03
    2.46433e-01     1.33903e+03
    2.48050e-01     1.32683e+03
    2.49677e-01     1.31453e+03
    2.51315e-01     1.30208e+03
    2.52964e-01     1.28938e+03
    2.54623e-01     1.27638e+03
    2.56294e-01     1.26303e+03
    2.57975e-01     1.24925e+03
    2.59667e-01     1.23504e+03
    2.61371e-01     1.22041e+03
    2.63086e-01     1.20538e+03
    2.64811e-01     1.18996e+03
    2.66549e-01     1.17418e+03
    2.68297e-01     1.15811e+03
    2.70057e-01     1.14184e+03
    2.71829e-01     1.12542e+03
    2.73612e-01     1.10894e+03
    2.75407e-01     1.09248e+03
    2.77214e-01     1.07613e+03
    2.79032e-01     1.05997e+03
    2.80863e-01     1.04410e+03
    2.82705e-01     1.02859e+03
    2.84560e-01     1.01349e+03
    2.86427e-01     9.98853e+02
    2.88306e-01     9.84731e+02
    2.90197e-01     9.71152e+02
    2.92101e-01     9.58129e+02
    2.94017e-01     9.45645e+02
    2.95946e-01     9.33707e+02
    2.97887e-01     9.22283e+02
    2.99842e-01     9.11343e+02
    3.01809e-01     9.00818e+02
    3.03788e-01     8.90651e+02
    3.05781e-01     8.80790e+02
    3.07787e-01     8.71170e+02
    3.09806e-01     8.61713e+02
    3.11839e-01     8.52359e+02
    3.13885e-01     8.43035e+02
    3.15944e-01     8.33691e+02
    3.18016e-01     8.24282e+02
    3.20103e-01     8.14747e+02
    3.22203e-01     8.05066e+02
    3.24316e-01     7.95228e+02
    3.26444e-01     7.85235e+02
    3.28585e-01     7.75072e+02
    3.30741e-01     7.64775e+02
    3.32911e-01     7.54369e+02
    3.35095e-01     7.43889e+02
    3.37293e-01     7.33379e+02
    3.39506e-01     7.22883e+02
    3.41733e-01     7.12455e+02
    3.43975e-01     7.02152e+02
    3.46231e-01     6.92009e+02
    3.48503e-01     6.82069e+02
    3.50789e-01     6.72374e+02
    3.53090e-01     6.62944e+02
    3.55406e-01     6.53795e+02
    3.57738e-01     6.44937e+02
    3.60085e-01     6.36382e+02
    3.62447e-01     6.28102e+02
    3.64825e-01     6.20089e+02
    3.67218e-01     6.12307e+02
    3.69627e-01     6.04728e+02
    3.72052e-01     5.97318e+02
    3.74492e-01     5.90037e+02
    3.76949e-01     5.82848e+02
    3.79422e-01     5.75717e+02
    3.81911e-01     5.68617e+02
    3.84417e-01     5.61513e+02
    3.86938e-01     5.54384e+02
    3.89477e-01     5.47237e+02
    3.92032e-01     5.40048e+02
    3.94604e-01     5.32830e+02
    3.97192e-01     5.25589e+02
    3.99798e-01     5.18347e+02
    4.02421e-01     5.11117e+02
    4.05061e-01     5.03928e+02
    4.07718e-01     4.96804e+02
    4.10393e-01     4.89765e+02
    4.13085e-01     4.82841e+02
    4.15795e-01     4.76049e+02
    4.18522e-01     4.69396e+02
    4.21268e-01     4.62904e+02
    4.24032e-01     4.56571e+02
    4.26813e-01     4.50395e+02
    4.29613e-01     4.44366e+02
    4.32432e-01     4.38478e+02
    4.35268e-01     4.32709e+02
    4.38124e-01     4.27045e+02
    4.40998e-01     4.21468e+02
    4.43891e-01     4.15960e+02
    4.46803e-01     4.10501e+02
    4.49734e-01     4.05084e+02
    4.52685e-01     3.99687e+02
    4.55654e-01     3.94318e+02
    4.58643e-01     3.88964e+02
    4.61652e-01     3.83630e+02
    4.64681e-01     3.78321e+02
    4.67729e-01     3.73052e+02
    4.70797e-01     3.67823e+02
    4.73886e-01     3.62649e+02
    4.76995e-01     3.57544e+02
    4.80124e-01     3.52516e+02
    4.83274e-01     3.47572e+02
    4.86444e-01     3.42719e+02
    4.89635e-01     3.37957e+02
    4.92847e-01     3.33286e+02
    4.96080e-01     3.28710e+02
    4.99335e-01     3.24210e+02
    5.02610e-01     3.19789e+02
    5.05908e-01     3.15430e+02
    5.09227e-01     3.11137e+02
    5.12567e-01     3.06889e+02
    5.15930e-01     3.02685e+02
    5.19314e-01     2.98522e+02
    5.22721e-01     2.94393e+02
    5.26150e-01     2.90302e+02
    5.29602e-01     2.86244e+02
    5.33076e-01     2.82229e+02
    5.36573e-01     2.78251e+02
    5.40093e-01     2.74325e+02
    5.43636e-01     2.70445e+02
    5.47203e-01     2.66626e+02
    5.50792e-01     2.62861e+02
    5.54406e-01     2.59156e+02
    5.58043e-01     2.55514e+02
    5.61704e-01     2.51931e+02
    5.65388e-01     2.48401e+02
    5.69098e-01     2.44927e+02
    5.72831e-01     2.41501e+02
    5.76589e-01     2.38125e+02
    5.80371e-01     2.34785e+02
    5.84179e-01     2.31490e+02
    5.88011e-01     2.28230e+02
    5.91868e-01     2.25007e+02
    5.95751e-01     2.21821e+02
    5.99659e-01     2.18670e+02
    6.03593e-01     2.15559e+02
    6.07553e-01     2.12489e+02
    6.11539e-01     2.09462e+02
    6.15550e-01     2.06475e+02
    6.19589e-01     2.03532e+02
    6.23653e-01     2.00632e+02
    6.27744e-01     1.97775e+02
    6.31863e-01     1.94959e+02
    6.36008e-01     1.92184e+02
    6.40180e-01     1.89447e+02
    6.44380e-01     1.86747e+02
    6.48607e-01     1.84084e+02
    6.52862e-01     1.81454e+02
    6.57145e-01     1.78859e+02
    6.61456e-01     1.76296e+02
    6.65795e-01     1.73765e+02
    6.70163e-01     1.71268e+02
    6.74559e-01     1.68803e+02
    6.78984e-01     1.66373e+02
    6.83439e-01     1.63977e+02
    6.87922e-01     1.61615e+02
    6.92435e-01     1.59287e+02
    6.96977e-01     1.56991e+02
    7.01550e-01     1.54728e+02
    7.06152e-01     1.52495e+02
    7.10785e-01     1.50294e+02
    7.15447e-01     1.48124e+02
    7.20141e-01     1.45982e+02
    7.24865e-01     1.43868e+02
    7.29620e-01     1.41783e+02
    7.34407e-01     1.39726e+02
    7.39225e-01     1.37697e+02
    7.44074e-01     1.35697e+02
    7.48955e-01     1.33724e+02
    7.53869e-01     1.31778e+02
    7.58814e-01     1.29860e+02
    7.63792e-01     1.27970e+02
    7.68803e-01     1.26104e+02
    7.73846e-01     1.24265e+02
    7.78923e-01     1.22453e+02
    7.84033e-01     1.20665e+02
    7.89176e-01     1.18902e+02
    7.94353e-01     1.17163e+02
    7.99564e-01     1.15447e+02
    8.04810e-01     1.13756e+02
    8.10089e-01     1.12088e+02
    8.15404e-01     1.10443e+02
    8.20753e-01     1.08822e+02
    8.26137e-01     1.07223e+02
    8.31557e-01     1.05647e+02
    8.37012e-01     1.04093e+02
    8.42503e-01     1.02562e+02
    8.48030e-01     1.01051e+02
    8.53593e-01     9.95621e+01
    8.59193e-01     9.80939e+01
    8.64829e-01     9.66459e+01
    8.70503e-01     9.52174e+01
    8.76213e-01     9.38102e+01
    8.81961e-01     9.24231e+01
    8.87747e-01     9.10551e+01
    8.93571e-01     8.97071e+01
    8.99433e-01     8.83779e+01
    9.05333e-01     8.70675e+01
    9.11272e-01     8.57763e+01
    9.17251e-01     8.45034e+01
    9.23268e-01     8.32475e+01
    9.29325e-01     8.20105e+01
    9.35421e-01     8.07922e+01
    9.41558e-01     7.95889e+01
    9.47735e-01     7.84042e+01
    9.53952e-01     7.72359e+01
    9.60210e-01     7.60848e+01
    9.66509e-01     7.49497e+01
    9.72850e-01     7.38311e+01
    9.79232e-01     7.27286e+01
    9.85656e-01     7.16419e+01
    9.92122e-01     7.05705e+01
    9.98630e-01     6.95148e+01
    1.00518e+00     6.84730e+01
    1.01178e+00     6.74491e+01
    1.01841e+00     6.64379e+01
    1.02509e+00     6.54404e+01
    1.03182e+00     6.44587e+01
    1.03859e+00     6.34905e+01
    1.04540e+00     6.25360e+01
    1.05226e+00     6.15965e+01
    1.05916e+00     6.06694e+01
    1.06611e+00     5.97572e+01
    1.07310e+00     5.88572e+01
    1.08014e+00     5.79691e+01
    1.08723e+00     5.70957e+01
    1.09436e+00     5.62334e+01
    1.10154e+00     5.53845e+01
    1.10877e+00     5.45481e+01
    1.11604e+00     5.37243e+01
    1.12336e+00     5.29116e+01
    1.13073e+00     5.21108e+01
    1.13815e+00     5.13218e+01
    1.14562e+00     5.05441e+01
    1.15313e+00     4.97776e+01
    1.16070e+00     4.90225e+01
    1.16831e+00     4.82790e+01
    1.17598e+00     4.75457e+01
    1.18369e+00     4.68230e+01
    1.19146e+00     4.61120e+01
    1.19927e+00     4.54105e+01
    1.20714e+00     4.47200e+01
    1.21506e+00     4.40390e+01
    1.22303e+00     4.33678e+01
    1.23105e+00     4.27067e+01
    1.23913e+00     4.20551e+01
    1.24726e+00     4.14136e+01
    1.25544e+00     4.07818e+01
    1.26368e+00     4.01591e+01
    1.27197e+00     3.95450e+01
    1.28031e+00     3.89407e+01
    1.28871e+00     3.83449e+01
    1.29716e+00     3.77570e+01
    1.30567e+00     3.71797e+01
    1.31424e+00     3.66098e+01
    1.32286e+00     3.60486e+01
    1.33154e+00     3.54959e+01
    1.34027e+00     3.49503e+01
    1.34906e+00     3.44138e+01
    1.35792e+00     3.38856e+01
    1.36682e+00     3.33642e+01
    1.37579e+00     3.28514e+01
    1.38482e+00     3.23462e+01
    1.39390e+00     3.18478e+01
    1.40304e+00     3.13572e+01
    1.41225e+00     3.08745e+01
    1.42151e+00     3.03981e+01
    1.43084e+00     2.99295e+01
    1.44022e+00     2.94681e+01
    1.44967e+00     2.90127e+01
    1.45918e+00     2.85648e+01
    1.46876e+00     2.81235e+01
    1.47839e+00     2.76886e+01
    1.48809e+00     2.72602e+01
    1.49785e+00     2.68382e+01
    1.50768e+00     2.64230e+01
    1.51757e+00     2.60132e+01
    1.52752e+00     2.56100e+01
    1.53754e+00     2.52128e+01
    1.54763e+00     2.48220e+01
    1.55778e+00     2.44367e+01
    1.56800e+00     2.40569e+01
    1.57829e+00     2.36832e+01
    1.58864e+00     2.33147e+01
    1.59907e+00     2.29522e+01
    1.60956e+00     2.25952e+01
    1.62011e+00     2.22432e+01
    1.63074e+00     2.18969e+01
    1.64144e+00     2.15559e+01
    1.65221e+00     2.12198e+01
    1.66305e+00     2.08888e+01
    1.67396e+00     2.05628e+01
    1.68494e+00     2.02418e+01
    1.69599e+00     1.99256e+01
    1.70712e+00     1.96143e+01
    1.71832e+00     1.93080e+01
    1.72959e+00     1.90059e+01
    1.74094e+00     1.87083e+01
    1.75236e+00     1.84156e+01
    1.76385e+00     1.81270e+01
    1.77542e+00     1.78430e+01
    1.78707e+00     1.75636e+01
    1.79879e+00     1.72882e+01
    1.81060e+00     1.70170e+01
    1.82247e+00     1.67499e+01
    1.83443e+00     1.64867e+01
    1.84646e+00     1.62277e+01
    1.85858e+00     1.59730e+01
    1.87077e+00     1.57218e+01
    1.88304e+00     1.54743e+01
    1.89539e+00     1.52309e+01
    1.90783e+00     1.49910e+01
    1.92034e+00     1.47551e+01
    1.93294e+00     1.45226e+01
    1.94562e+00     1.42936e+01
    1.95839e+00     1.40685e+01
    1.97123e+00     1.38463e+01
    1.98416e+00     1.36277e+01
    1.99718e+00     1.34125e+01
    2.01028e+00     1.32006e+01
    2.02347e+00     1.29922e+01
    2.03675e+00     1.27869e+01
    2.05011e+00     1.25846e+01
    2.06356e+00     1.23854e+01
    2.07709e+00     1.21892e+01
    2.09072e+00     1.19964e+01
    2.10443e+00     1.18064e+01
    2.11824e+00     1.16191e+01
    2.13214e+00     1.14349e+01
    2.14612e+00     1.12536e+01
    2.16020e+00     1.10750e+01
    2.17437e+00     1.08992e+01
    2.18864e+00     1.07262e+01
    2.20300e+00     1.05558e+01
    2.21745e+00     1.03880e+01
    2.23199e+00     1.02227e+01
    2.24664e+00     1.00601e+01
    2.26138e+00     9.90007e+00
    2.27621e+00     9.74244e+00
    2.29114e+00     9.58725e+00
    2.30617e+00     9.43447e+00
    2.32130e+00     9.28409e+00
    2.33653e+00     9.13626e+00
    2.35186e+00     8.99048e+00
    2.36729e+00     8.84705e+00
    2.38282e+00     8.70580e+00
    2.39845e+00     8.56673e+00
    2.41418e+00     8.42997e+00
    2.43002e+00     8.29538e+00
    2.44596e+00     8.16261e+00
    2.46201e+00     8.03214e+00
    2.47816e+00     7.90362e+00
    2.49442e+00     7.77714e+00
    2.51078e+00     7.65258e+00
    2.52725e+00     7.53009e+00
    2.54383e+00     7.40944e+00
    2.56052e+00     7.29066e+00
    2.57731e+00     7.17375e+00
    2.59422e+00     7.05870e+00
    2.61124e+00     6.94542e+00
    2.62837e+00     6.83391e+00
    2.64561e+00     6.72424e+00
    2.66297e+00     6.61624e+00
    2.68044e+00     6.50983e+00
    2.69802e+00     6.40520e+00
    2.71572e+00     6.30218e+00
    2.73354e+00     6.20085e+00
    2.75147e+00     6.10108e+00
    2.76952e+00     6.00287e+00
    2.78769e+00     5.90616e+00
    2.80598e+00     5.81093e+00
    2.82439e+00     5.71733e+00
    2.84291e+00     5.62518e+00
    2.86156e+00     5.53441e+00
    2.88034e+00     5.44519e+00
    2.89923e+00     5.35723e+00
    2.91825e+00     5.27082e+00
    2.93740e+00     5.18570e+00
    2.95666e+00     5.10187e+00
    2.97606e+00     5.01945e+00
    2.99558e+00     4.93823e+00
    3.01524e+00     4.85839e+00
    3.03502e+00     4.77978e+00
    3.05493e+00     4.70245e+00
    3.07497e+00     4.62635e+00
    3.09514e+00     4.55138e+00
    3.11544e+00     4.47769e+00
    3.13588e+00     4.40514e+00
    3.15645e+00     4.33371e+00
    3.17716e+00     4.26347e+00
    3.19800e+00     4.19429e+00
    3.21898e+00     4.12619e+00
    3.24010e+00     4.05927e+00
    3.26136e+00     3.99334e+00
    3.28275e+00     3.92848e+00
    3.30429e+00     3.86464e+00
    3.32596e+00     3.80180e+00
    3.34778e+00     3.74003e+00
    3.36974e+00     3.67917e+00
    3.39185e+00     3.61936e+00
    3.41410e+00     3.56046e+00
    3.43650e+00     3.50247e+00
    3.45904e+00     3.44544e+00
    3.48173e+00     3.38927e+00
    3.50458e+00     3.33405e+00
    3.52757e+00     3.27969e+00
    3.55071e+00     3.22623e+00
    3.57400e+00     3.17357e+00
    3.59745e+00     3.12181e+00
    3.62105e+00     3.07086e+00
    3.64480e+00     3.02068e+00
    3.66871e+00     2.97135e+00
    3.69278e+00     2.92280e+00
    3.71700e+00     2.87503e+00
    3.74139e+00     2.82805e+00
    3.76593e+00     2.78182e+00
    3.79064e+00     2.73630e+00
    3.81551e+00     2.69154e+00
    3.84054e+00     2.64749e+00
    3.86573e+00     2.60414e+00
    3.89109e+00     2.56149e+00
    3.91662e+00     2.51953e+00
    3.94231e+00     2.47825e+00
    3.96817e+00     2.43763e+00
    3.99420e+00     2.39764e+00
    4.02041e+00     2.35833e+00
    4.04678e+00     2.31962e+00
    4.07333e+00     2.28155e+00
    4.10005e+00     2.24410e+00
    4.12695e+00     2.20724e+00
    4.15402e+00     2.17097e+00
    4.18127e+00     2.13530e+00
    4.20870e+00     2.10020e+00
    4.23631e+00     2.06566e+00
    4.26410e+00     2.03169e+00
    4.29208e+00     1.99827e+00
    4.32023e+00     1.96537e+00
    4.34858e+00     1.93302e+00
    4.37710e+00     1.90120e+00
    4.40582e+00     1.86988e+00
    4.43472e+00     1.83908e+00
    4.46381e+00     1.80877e+00
    4.49310e+00     1.77895e+00
    4.52257e+00     1.74962e+00
    4.55224e+00     1.72075e+00
    4.58210e+00     1.69237e+00
    4.61216e+00     1.66445e+00
    4.64242e+00     1.63697e+00
    4.67288e+00     1.60994e+00
    4.70353e+00     1.58335e+00
    4.73439e+00     1.55719e+00
    4.76544e+00     1.53144e+00
    4.79671e+00     1.50614e+00
    4.82817e+00     1.48122e+00
    4.85985e+00     1.45673e+00
    4.89173e+00     1.43263e+00
    4.92382e+00     1.40892e+00
    4.95612e+00     1.38559e+00
    4.98863e+00     1.36265e+00
