# mlim  photo  spec
22.500000 	 -5.979046e+00 	 -5.979046e+00
22.550000 	 -5.803744e+00 	 -5.803744e+00
22.600000 	 -5.636205e+00 	 -5.636205e+00
22.650000 	 -5.555219e+00 	 -5.555219e+00
22.700000 	 -5.398572e+00 	 -5.398572e+00
22.750000 	 -5.248714e+00 	 -5.248714e+00
22.800000 	 -5.176221e+00 	 -5.176221e+00
22.850000 	 -5.035895e+00 	 -5.035895e+00
22.900000 	 -4.901512e+00 	 -4.901512e+00
22.950000 	 -4.836454e+00 	 -4.836454e+00
23.000000 	 -4.710419e+00 	 -4.710419e+00
23.050000 	 -4.589592e+00 	 -4.589592e+00
23.100000 	 -4.531048e+00 	 -4.531048e+00
23.150000 	 -4.417539e+00 	 -4.417539e+00
23.200000 	 -4.308597e+00 	 -4.308597e+00
23.250000 	 -4.255766e+00 	 -4.255766e+00
23.300000 	 -4.153245e+00 	 -4.153245e+00
23.350000 	 -4.054735e+00 	 -4.054735e+00
23.400000 	 -4.006920e+00 	 -4.006920e+00
23.450000 	 -3.914050e+00 	 -3.914050e+00
23.500000 	 -3.824705e+00 	 -3.824705e+00
23.550000 	 -3.781299e+00 	 -3.781299e+00
23.600000 	 -3.696915e+00 	 -3.696915e+00
23.650000 	 -3.615633e+00 	 -3.615633e+00
23.700000 	 -3.576108e+00 	 -3.576108e+00
23.750000 	 -3.499194e+00 	 -3.499194e+00
23.800000 	 -3.425015e+00 	 -3.425015e+00
23.850000 	 -3.388908e+00 	 -3.388908e+00
23.900000 	 -3.318580e+00 	 -3.318580e+00
23.950000 	 -3.250665e+00 	 -3.250665e+00
24.000000 	 -3.217576e+00 	 -3.217576e+00
24.050000 	 -3.153062e+00 	 -3.153062e+00
24.100000 	 -3.090680e+00 	 -3.090680e+00
24.150000 	 -3.060257e+00 	 -3.060257e+00
24.200000 	 -3.000883e+00 	 -3.000883e+00
24.250000 	 -2.943397e+00 	 -2.943397e+00
24.300000 	 -2.915333e+00 	 -2.915333e+00
24.350000 	 -2.860510e+00 	 -2.860510e+00
24.400000 	 -2.807360e+00 	 -2.807360e+00
24.450000 	 -2.781388e+00 	 -2.781388e+00
24.500000 	 -2.730601e+00 	 -2.730601e+00
24.550000 	 -2.681299e+00 	 -2.681299e+00
24.600000 	 -2.657184e+00 	 -2.657184e+00
24.650000 	 -2.609982e+00 	 -2.609982e+00
24.700000 	 -2.564100e+00 	 -2.564100e+00
24.750000 	 -2.541636e+00 	 -2.541636e+00
24.800000 	 -2.497623e+00 	 -2.497623e+00
24.850000 	 -2.454787e+00 	 -2.454787e+00
24.900000 	 -2.433793e+00 	 -2.433793e+00
24.950000 	 -2.392623e+00 	 -2.392623e+00
25.000000 	 -2.352501e+00 	 -2.352501e+00
25.050000 	 -2.332820e+00 	 -2.332820e+00
25.100000 	 -2.294186e+00 	 -2.294186e+00
25.150000 	 -2.256490e+00 	 -2.256490e+00
25.200000 	 -2.237981e+00 	 -2.237981e+00
25.250000 	 -2.201616e+00 	 -2.201616e+00
25.300000 	 -2.166089e+00 	 -2.166089e+00
25.350000 	 -2.148630e+00 	 -2.148630e+00
25.400000 	 -2.114296e+00 	 -2.114296e+00
25.450000 	 -2.080714e+00 	 -2.080714e+00
25.500000 	 -2.064195e+00 	 -2.064195e+00
25.550000 	 -2.031683e+00 	 -2.031683e+00
25.600000 	 -1.999847e+00 	 -1.999847e+00
25.650000 	 -1.984173e+00 	 -1.984173e+00
25.700000 	 -1.953298e+00 	 -1.953298e+00
25.750000 	 -1.923030e+00 	 -1.923030e+00
25.800000 	 -1.908117e+00 	 -1.908117e+00
25.850000 	 -1.878714e+00 	 -1.878714e+00
25.900000 	 -1.849860e+00 	 -1.849860e+00
25.950000 	 -1.835631e+00 	 -1.835631e+00
26.000000 	 -1.807556e+00 	 -1.807556e+00
26.050000 	 -1.779975e+00 	 -1.779975e+00
26.100000 	 -1.766363e+00 	 -1.766363e+00
26.150000 	 -1.739487e+00 	 -1.739487e+00
26.200000 	 -1.713056e+00 	 -1.713056e+00
26.250000 	 -1.700003e+00 	 -1.700003e+00
26.300000 	 -1.674209e+00 	 -1.674209e+00
26.350000 	 -1.648819e+00 	 -1.648819e+00
26.400000 	 -1.636270e+00 	 -1.636270e+00
26.450000 	 -1.611456e+00 	 -1.611456e+00
26.500000 	 -1.587008e+00 	 -1.587008e+00
26.550000 	 -1.574917e+00 	 -1.574917e+00
26.600000 	 -1.550991e+00 	 -1.550991e+00
26.650000 	 -1.539154e+00 	 -1.539154e+00
26.700000 	 -1.515721e+00 	 -1.515721e+00
26.750000 	 -1.492601e+00 	 -1.492601e+00
26.800000 	 -1.481155e+00 	 -1.481155e+00
26.850000 	 -1.458483e+00 	 -1.458483e+00
26.900000 	 -1.436096e+00 	 -1.436096e+00
26.950000 	 -1.425005e+00 	 -1.425005e+00
27.000000 	 -1.403025e+00 	 -1.403025e+00
27.050000 	 -1.381304e+00 	 -1.381304e+00
27.100000 	 -1.370537e+00 	 -1.370537e+00
27.150000 	 -1.349187e+00 	 -1.349187e+00
27.200000 	 -1.328072e+00 	 -1.328072e+00
27.250000 	 -1.317600e+00 	 -1.317600e+00
27.300000 	 -1.296823e+00 	 -1.296823e+00
27.350000 	 -1.276261e+00 	 -1.276261e+00
27.400000 	 -1.266058e+00 	 -1.266058e+00
27.450000 	 -1.245804e+00 	 -1.245804e+00
27.500000 	 -1.225747e+00 	 -1.225747e+00
27.550000 	 -1.215789e+00 	 -1.215789e+00
27.600000 	 -1.196013e+00 	 -1.196013e+00
27.650000 	 -1.176416e+00 	 -1.176416e+00
27.700000 	 -1.166683e+00 	 -1.166683e+00
27.750000 	 -1.147343e+00 	 -1.147343e+00
27.800000 	 -1.128167e+00 	 -1.128167e+00
27.850000 	 -1.118639e+00 	 -1.118639e+00
27.900000 	 -1.099698e+00 	 -1.099698e+00
27.950000 	 -1.080907e+00 	 -1.080907e+00
28.000000 	 -1.071566e+00 	 -1.071566e+00
28.050000 	 -1.052991e+00 	 -1.052991e+00
28.100000 	 -1.034553e+00 	 -1.034553e+00
28.150000 	 -1.025384e+00 	 -1.025384e+00
28.200000 	 -1.007143e+00 	 -1.007143e+00
28.250000 	 -9.890274e-01 	 -9.890274e-01
28.300000 	 -9.800156e-01 	 -9.800156e-01
28.350000 	 -9.620811e-01 	 -9.620811e-01
28.400000 	 -9.442620e-01 	 -9.442620e-01
28.450000 	 -9.353944e-01 	 -9.353944e-01
28.500000 	 -9.177410e-01 	 -9.177410e-01
28.550000 	 -9.001935e-01 	 -9.001935e-01
28.600000 	 -8.914583e-01 	 -8.914583e-01
28.650000 	 -8.740628e-01 	 -8.740628e-01
28.700000 	 -8.567645e-01 	 -8.567645e-01
28.750000 	 -8.481507e-01 	 -8.481507e-01
28.800000 	 -8.309921e-01 	 -8.309921e-01
28.850000 	 -8.139226e-01 	 -8.139226e-01
28.900000 	 -8.054204e-01 	 -8.054204e-01
28.950000 	 -7.884792e-01 	 -7.884792e-01
29.000000 	 -7.716200e-01 	 -7.716200e-01
29.050000 	 -7.632202e-01 	 -7.632202e-01
29.100000 	 -7.464789e-01 	 -7.464789e-01
29.150000 	 -7.298129e-01 	 -7.298129e-01
29.200000 	 -7.215073e-01 	 -7.215073e-01
29.250000 	 -7.049497e-01 	 -7.049497e-01
29.300000 	 -6.884613e-01 	 -6.884613e-01
29.350000 	 -6.802424e-01 	 -6.802424e-01
29.400000 	 -6.638536e-01 	 -6.638536e-01
29.450000 	 -6.475286e-01 	 -6.475286e-01
29.500000 	 -6.393894e-01 	 -6.393894e-01
29.550000 	 -6.231561e-01 	 -6.231561e-01
29.600000 	 -6.069814e-01 	 -6.069814e-01
29.650000 	 -5.989154e-01 	 -5.989154e-01
29.700000 	 -5.828251e-01 	 -5.828251e-01
29.750000 	 -5.667887e-01 	 -5.667887e-01
29.800000 	 -5.587902e-01 	 -5.587902e-01
29.850000 	 -5.428315e-01 	 -5.428315e-01
29.900000 	 -5.269225e-01 	 -5.269225e-01
29.950000 	 -5.189861e-01 	 -5.189861e-01
