# mlim  photo  spec
22.500000 	 -9.883103e+00 	 -1.088310e+01
22.550000 	 -9.523870e+00 	 -1.052387e+01
22.600000 	 -9.350891e+00 	 -1.035089e+01
22.650000 	 -9.017615e+00 	 -1.001762e+01
22.700000 	 -8.700496e+00 	 -9.700496e+00
22.750000 	 -8.547723e+00 	 -9.547723e+00
22.800000 	 -8.253238e+00 	 -9.253238e+00
22.850000 	 -7.972844e+00 	 -8.972844e+00
22.900000 	 -7.837695e+00 	 -8.837695e+00
22.950000 	 -7.577045e+00 	 -8.577045e+00
23.000000 	 -7.328688e+00 	 -8.328688e+00
23.050000 	 -7.208915e+00 	 -8.208915e+00
23.100000 	 -6.977788e+00 	 -7.977788e+00
23.150000 	 -6.757393e+00 	 -7.757393e+00
23.200000 	 -6.651040e+00 	 -7.651040e+00
23.250000 	 -6.445688e+00 	 -7.445688e+00
23.300000 	 -6.249708e+00 	 -7.249708e+00
23.350000 	 -6.155077e+00 	 -7.155077e+00
23.400000 	 -5.972239e+00 	 -6.972239e+00
23.450000 	 -5.797589e+00 	 -6.797589e+00
23.500000 	 -5.713201e+00 	 -6.713201e+00
23.550000 	 -5.550039e+00 	 -6.550039e+00
23.600000 	 -5.394038e+00 	 -6.394038e+00
23.650000 	 -5.318606e+00 	 -6.318606e+00
23.700000 	 -5.172654e+00 	 -6.172654e+00
23.750000 	 -5.102049e+00 	 -6.102049e+00
23.800000 	 -4.965374e+00 	 -5.965374e+00
23.850000 	 -4.834486e+00 	 -5.834486e+00
23.900000 	 -4.771119e+00 	 -5.771119e+00
23.950000 	 -4.648356e+00 	 -5.648356e+00
24.000000 	 -4.530665e+00 	 -5.530665e+00
24.050000 	 -4.473639e+00 	 -5.473639e+00
24.100000 	 -4.363072e+00 	 -5.363072e+00
24.150000 	 -4.256953e+00 	 -5.256953e+00
24.200000 	 -4.205490e+00 	 -5.205490e+00
24.250000 	 -4.105624e+00 	 -5.105624e+00
24.300000 	 -4.009663e+00 	 -5.009663e+00
24.350000 	 -3.963085e+00 	 -4.963085e+00
24.400000 	 -3.872617e+00 	 -4.872617e+00
24.450000 	 -3.785583e+00 	 -4.785583e+00
24.500000 	 -3.743300e+00 	 -4.743300e+00
24.550000 	 -3.661098e+00 	 -4.661098e+00
24.600000 	 -3.581919e+00 	 -4.581919e+00
24.650000 	 -3.543415e+00 	 -4.543415e+00
24.700000 	 -3.468492e+00 	 -4.468492e+00
24.750000 	 -3.396233e+00 	 -4.396233e+00
24.800000 	 -3.361061e+00 	 -4.361061e+00
24.850000 	 -3.292556e+00 	 -4.292556e+00
24.900000 	 -3.226401e+00 	 -4.226401e+00
24.950000 	 -3.194170e+00 	 -4.194170e+00
25.000000 	 -3.131331e+00 	 -4.131331e+00
25.050000 	 -3.070571e+00 	 -4.070571e+00
25.100000 	 -3.040939e+00 	 -4.040939e+00
25.150000 	 -2.983111e+00 	 -3.983111e+00
25.200000 	 -2.927123e+00 	 -3.927123e+00
25.250000 	 -2.899792e+00 	 -3.899792e+00
25.300000 	 -2.846402e+00 	 -3.846402e+00
25.350000 	 -2.794644e+00 	 -3.794644e+00
25.400000 	 -2.769353e+00 	 -3.769353e+00
25.450000 	 -2.719900e+00 	 -3.719900e+00
25.500000 	 -2.671896e+00 	 -3.671896e+00
25.550000 	 -2.648416e+00 	 -3.648416e+00
25.600000 	 -2.602461e+00 	 -3.602461e+00
25.650000 	 -2.557794e+00 	 -3.557794e+00
25.700000 	 -2.535926e+00 	 -3.535926e+00
25.750000 	 -2.493084e+00 	 -3.493084e+00
25.800000 	 -2.451390e+00 	 -3.451390e+00
25.850000 	 -2.430957e+00 	 -3.430957e+00
25.900000 	 -2.390890e+00 	 -3.390890e+00
25.950000 	 -2.351847e+00 	 -3.351847e+00
26.000000 	 -2.332696e+00 	 -3.332696e+00
26.050000 	 -2.295106e+00 	 -3.295106e+00
26.100000 	 -2.258433e+00 	 -3.258433e+00
26.150000 	 -2.240427e+00 	 -3.240427e+00
26.200000 	 -2.205054e+00 	 -3.205054e+00
26.250000 	 -2.170501e+00 	 -3.170501e+00
26.300000 	 -2.153521e+00 	 -3.153521e+00
26.350000 	 -2.120133e+00 	 -3.120133e+00
26.400000 	 -2.087481e+00 	 -3.087481e+00
26.450000 	 -2.071421e+00 	 -3.071421e+00
26.500000 	 -2.039815e+00 	 -3.039815e+00
26.550000 	 -2.008870e+00 	 -3.008870e+00
26.600000 	 -1.993637e+00 	 -2.993637e+00
26.650000 	 -1.963632e+00 	 -2.963632e+00
26.700000 	 -1.934222e+00 	 -2.934222e+00
26.750000 	 -1.919733e+00 	 -2.919733e+00
26.800000 	 -1.891170e+00 	 -2.891170e+00
26.850000 	 -1.863143e+00 	 -2.863143e+00
26.900000 	 -1.849324e+00 	 -2.849324e+00
26.950000 	 -1.822061e+00 	 -2.822061e+00
27.000000 	 -1.795282e+00 	 -2.795282e+00
27.050000 	 -1.782068e+00 	 -2.782068e+00
27.100000 	 -1.755980e+00 	 -2.755980e+00
27.150000 	 -1.730328e+00 	 -2.730328e+00
27.200000 	 -1.717661e+00 	 -2.717661e+00
27.250000 	 -1.692634e+00 	 -2.692634e+00
27.300000 	 -1.668003e+00 	 -2.668003e+00
27.350000 	 -1.655831e+00 	 -2.655831e+00
27.400000 	 -1.631766e+00 	 -2.631766e+00
27.450000 	 -1.608059e+00 	 -2.608059e+00
27.500000 	 -1.596336e+00 	 -2.596336e+00
27.550000 	 -1.573143e+00 	 -2.573143e+00
27.600000 	 -1.550275e+00 	 -2.550275e+00
27.650000 	 -1.538960e+00 	 -2.538960e+00
27.700000 	 -1.516558e+00 	 -2.516558e+00
27.750000 	 -1.494453e+00 	 -2.494453e+00
27.800000 	 -1.483507e+00 	 -2.483507e+00
27.850000 	 -1.461826e+00 	 -2.461826e+00
27.900000 	 -1.440414e+00 	 -2.440414e+00
27.950000 	 -1.429806e+00 	 -2.429806e+00
28.000000 	 -1.408779e+00 	 -2.408779e+00
28.050000 	 -1.387999e+00 	 -2.387999e+00
28.100000 	 -1.377698e+00 	 -2.377698e+00
28.150000 	 -1.357269e+00 	 -2.357269e+00
28.200000 	 -1.337064e+00 	 -2.337064e+00
28.250000 	 -1.327043e+00 	 -2.327043e+00
28.300000 	 -1.307159e+00 	 -2.307159e+00
28.350000 	 -1.287479e+00 	 -2.287479e+00
28.400000 	 -1.277714e+00 	 -2.277714e+00
28.450000 	 -1.258328e+00 	 -2.258328e+00
28.500000 	 -1.239128e+00 	 -2.239128e+00
28.550000 	 -1.229597e+00 	 -2.229597e+00
28.600000 	 -1.210666e+00 	 -2.210666e+00
28.650000 	 -1.191905e+00 	 -2.191905e+00
28.700000 	 -1.182587e+00 	 -2.182587e+00
28.750000 	 -1.164073e+00 	 -2.164073e+00
28.800000 	 -1.145714e+00 	 -2.145714e+00
28.850000 	 -1.136592e+00 	 -2.136592e+00
28.900000 	 -1.118458e+00 	 -2.118458e+00
28.950000 	 -1.100468e+00 	 -2.100468e+00
29.000000 	 -1.091525e+00 	 -2.091525e+00
29.050000 	 -1.073741e+00 	 -2.073741e+00
29.100000 	 -1.056088e+00 	 -2.056088e+00
29.150000 	 -1.047310e+00 	 -2.047310e+00
29.200000 	 -1.029846e+00 	 -2.029846e+00
29.250000 	 -1.012503e+00 	 -2.012503e+00
29.300000 	 -1.003876e+00 	 -2.003876e+00
29.350000 	 -9.867066e-01 	 -1.986707e+00
29.400000 	 -9.696481e-01 	 -1.969648e+00
29.450000 	 -9.611592e-01 	 -1.961159e+00
29.500000 	 -9.442600e-01 	 -1.944260e+00
29.550000 	 -9.274627e-01 	 -1.927463e+00
29.600000 	 -9.191012e-01 	 -1.919101e+00
29.650000 	 -9.024504e-01 	 -1.902450e+00
29.700000 	 -8.858933e-01 	 -1.885893e+00
29.750000 	 -8.776489e-01 	 -1.877649e+00
29.800000 	 -8.612265e-01 	 -1.861226e+00
29.850000 	 -8.448902e-01 	 -1.844890e+00
29.900000 	 -8.367536e-01 	 -1.836754e+00
29.950000 	 -8.205413e-01 	 -1.820541e+00
