# mlim  photo  spec
22.500000 	 -1.095067e+01 	 -1.195067e+01
22.550000 	 -1.075417e+01 	 -1.175417e+01
22.600000 	 -1.037572e+01 	 -1.137572e+01
22.650000 	 -1.001581e+01 	 -1.101581e+01
22.700000 	 -9.842487e+00 	 -1.084249e+01
22.750000 	 -9.508531e+00 	 -1.050853e+01
22.800000 	 -9.190734e+00 	 -1.019073e+01
22.850000 	 -9.037624e+00 	 -1.003762e+01
22.900000 	 -8.742464e+00 	 -9.742464e+00
22.950000 	 -8.461396e+00 	 -9.461396e+00
23.000000 	 -8.325911e+00 	 -9.325911e+00
23.050000 	 -8.064590e+00 	 -9.064590e+00
23.100000 	 -7.815565e+00 	 -8.815565e+00
23.150000 	 -7.695459e+00 	 -8.695459e+00
23.200000 	 -7.463667e+00 	 -8.463667e+00
23.250000 	 -7.242608e+00 	 -8.242608e+00
23.300000 	 -7.135925e+00 	 -8.135925e+00
23.350000 	 -6.929913e+00 	 -7.929913e+00
23.400000 	 -6.733274e+00 	 -7.733274e+00
23.450000 	 -6.638315e+00 	 -7.638315e+00
23.500000 	 -6.454821e+00 	 -7.454821e+00
23.550000 	 -6.279519e+00 	 -7.279519e+00
23.600000 	 -6.194805e+00 	 -7.194805e+00
23.650000 	 -6.030994e+00 	 -7.030994e+00
23.700000 	 -5.874347e+00 	 -6.874347e+00
23.750000 	 -5.798592e+00 	 -6.798592e+00
23.800000 	 -5.651996e+00 	 -6.651996e+00
23.850000 	 -5.511670e+00 	 -6.511670e+00
23.900000 	 -5.443755e+00 	 -6.443755e+00
23.950000 	 -5.312229e+00 	 -6.312229e+00
24.000000 	 -5.186194e+00 	 -6.186194e+00
24.050000 	 -5.125147e+00 	 -6.125147e+00
24.100000 	 -5.006824e+00 	 -6.006824e+00
24.150000 	 -4.893314e+00 	 -5.893314e+00
24.200000 	 -4.838287e+00 	 -5.838287e+00
24.250000 	 -4.731541e+00 	 -5.731541e+00
24.300000 	 -4.679767e+00 	 -5.679767e+00
24.350000 	 -4.579277e+00 	 -5.579277e+00
24.400000 	 -4.482695e+00 	 -5.482695e+00
24.450000 	 -4.435808e+00 	 -5.435808e+00
24.500000 	 -4.344724e+00 	 -5.344724e+00
24.550000 	 -4.257075e+00 	 -5.257075e+00
24.600000 	 -4.214485e+00 	 -5.214485e+00
24.650000 	 -4.131672e+00 	 -5.131672e+00
24.700000 	 -4.051883e+00 	 -5.051883e+00
24.750000 	 -4.013076e+00 	 -5.013076e+00
24.800000 	 -3.937546e+00 	 -4.937546e+00
24.850000 	 -3.864683e+00 	 -4.864683e+00
24.900000 	 -3.829210e+00 	 -4.829210e+00
24.950000 	 -3.760104e+00 	 -4.760104e+00
25.000000 	 -3.693351e+00 	 -4.693351e+00
25.050000 	 -3.660821e+00 	 -4.660821e+00
25.100000 	 -3.597387e+00 	 -4.597387e+00
25.150000 	 -3.536032e+00 	 -4.536032e+00
25.200000 	 -3.506104e+00 	 -4.506104e+00
25.250000 	 -3.447685e+00 	 -4.447685e+00
25.300000 	 -3.391108e+00 	 -4.391108e+00
25.350000 	 -3.363483e+00 	 -4.363483e+00
25.400000 	 -3.309506e+00 	 -4.309506e+00
25.450000 	 -3.257163e+00 	 -4.257163e+00
25.500000 	 -3.231580e+00 	 -4.231580e+00
25.550000 	 -3.181544e+00 	 -4.181544e+00
25.600000 	 -3.132959e+00 	 -4.132959e+00
25.650000 	 -3.109189e+00 	 -4.109189e+00
25.700000 	 -3.062655e+00 	 -4.062655e+00
25.750000 	 -3.017411e+00 	 -4.017411e+00
25.800000 	 -2.995254e+00 	 -3.995254e+00
25.850000 	 -2.951837e+00 	 -3.951837e+00
25.900000 	 -2.909568e+00 	 -3.909568e+00
25.950000 	 -2.888849e+00 	 -3.888849e+00
26.000000 	 -2.848209e+00 	 -3.848209e+00
26.050000 	 -2.808595e+00 	 -3.808595e+00
26.100000 	 -2.789158e+00 	 -3.789158e+00
26.150000 	 -2.750999e+00 	 -3.750999e+00
26.200000 	 -2.713756e+00 	 -3.713756e+00
26.250000 	 -2.695466e+00 	 -3.695466e+00
26.300000 	 -2.659525e+00 	 -3.659525e+00
26.350000 	 -2.624405e+00 	 -3.624405e+00
26.400000 	 -2.607142e+00 	 -3.607142e+00
26.450000 	 -2.573188e+00 	 -3.573188e+00
26.500000 	 -2.539971e+00 	 -3.539971e+00
26.550000 	 -2.523628e+00 	 -3.523628e+00
26.600000 	 -2.491457e+00 	 -3.491457e+00
26.650000 	 -2.459948e+00 	 -3.459948e+00
26.700000 	 -2.444433e+00 	 -3.444433e+00
26.750000 	 -2.413865e+00 	 -3.413865e+00
26.800000 	 -2.383892e+00 	 -3.383892e+00
26.850000 	 -2.369121e+00 	 -3.369121e+00
26.900000 	 -2.339995e+00 	 -3.339995e+00
26.950000 	 -2.311406e+00 	 -3.311406e+00
27.000000 	 -2.297305e+00 	 -3.297305e+00
27.050000 	 -2.269480e+00 	 -3.269480e+00
27.100000 	 -2.242139e+00 	 -3.242139e+00
27.150000 	 -2.228643e+00 	 -3.228643e+00
27.200000 	 -2.201992e+00 	 -3.201992e+00
27.250000 	 -2.175778e+00 	 -3.175778e+00
27.300000 	 -2.162830e+00 	 -3.162830e+00
27.350000 	 -2.137240e+00 	 -3.137240e+00
27.400000 	 -2.112045e+00 	 -3.112045e+00
27.450000 	 -2.099592e+00 	 -3.099592e+00
27.500000 	 -2.074963e+00 	 -3.074963e+00
27.550000 	 -2.050692e+00 	 -3.050692e+00
27.600000 	 -2.038687e+00 	 -3.038687e+00
27.650000 	 -2.014929e+00 	 -3.014929e+00
27.700000 	 -1.991496e+00 	 -2.991496e+00
27.750000 	 -1.979898e+00 	 -2.979898e+00
27.800000 	 -1.956930e+00 	 -2.956930e+00
27.850000 	 -1.934258e+00 	 -2.934258e+00
27.900000 	 -1.923030e+00 	 -2.923030e+00
27.950000 	 -1.900781e+00 	 -2.900781e+00
28.000000 	 -1.878801e+00 	 -2.878801e+00
28.050000 	 -1.867908e+00 	 -2.867908e+00
28.100000 	 -1.846313e+00 	 -2.846313e+00
28.150000 	 -1.824962e+00 	 -2.824962e+00
28.200000 	 -1.814376e+00 	 -2.814376e+00
28.250000 	 -1.793375e+00 	 -2.793375e+00
28.300000 	 -1.772598e+00 	 -2.772598e+00
28.350000 	 -1.762291e+00 	 -2.762291e+00
28.400000 	 -1.741834e+00 	 -2.741834e+00
28.450000 	 -1.721580e+00 	 -2.721580e+00
28.500000 	 -1.711527e+00 	 -2.711527e+00
28.550000 	 -1.691565e+00 	 -2.691565e+00
28.600000 	 -1.671788e+00 	 -2.671788e+00
28.650000 	 -1.661968e+00 	 -2.661968e+00
28.700000 	 -1.642458e+00 	 -2.642458e+00
28.750000 	 -1.623118e+00 	 -2.623118e+00
28.800000 	 -1.613510e+00 	 -2.613510e+00
28.850000 	 -1.594414e+00 	 -2.594414e+00
28.900000 	 -1.575473e+00 	 -2.575473e+00
28.950000 	 -1.566060e+00 	 -2.566060e+00
29.000000 	 -1.547342e+00 	 -2.547342e+00
29.050000 	 -1.528766e+00 	 -2.528766e+00
29.100000 	 -1.519530e+00 	 -2.519530e+00
29.150000 	 -1.501159e+00 	 -2.501159e+00
29.200000 	 -1.482918e+00 	 -2.482918e+00
29.250000 	 -1.473845e+00 	 -2.473845e+00
29.300000 	 -1.455791e+00 	 -2.455791e+00
29.350000 	 -1.437856e+00 	 -2.437856e+00
29.400000 	 -1.428933e+00 	 -2.428933e+00
29.450000 	 -1.411170e+00 	 -2.411170e+00
29.500000 	 -1.393516e+00 	 -2.393516e+00
29.550000 	 -1.384730e+00 	 -2.384730e+00
29.600000 	 -1.367234e+00 	 -2.367234e+00
29.650000 	 -1.349838e+00 	 -2.349838e+00
29.700000 	 -1.341177e+00 	 -2.341177e+00
29.750000 	 -1.323926e+00 	 -2.323926e+00
29.800000 	 -1.306767e+00 	 -2.306767e+00
29.850000 	 -1.298222e+00 	 -2.298222e+00
29.900000 	 -1.281196e+00 	 -2.281196e+00
29.950000 	 -1.264254e+00 	 -2.264254e+00
