# mlim  photo  spec
22.500000 	 -7.274942e+00 	 -7.274942e+00
22.550000 	 -7.055055e+00 	 -7.055055e+00
22.600000 	 -6.845075e+00 	 -6.845075e+00
22.650000 	 -6.743636e+00 	 -6.743636e+00
22.700000 	 -6.547548e+00 	 -6.547548e+00
22.750000 	 -6.360118e+00 	 -6.360118e+00
22.800000 	 -6.269506e+00 	 -6.269506e+00
22.850000 	 -6.094220e+00 	 -6.094220e+00
22.900000 	 -5.926504e+00 	 -5.926504e+00
22.950000 	 -5.845361e+00 	 -5.845361e+00
23.000000 	 -5.688268e+00 	 -5.688268e+00
23.050000 	 -5.537800e+00 	 -5.537800e+00
23.100000 	 -5.464943e+00 	 -5.464943e+00
23.150000 	 -5.323775e+00 	 -5.323775e+00
23.200000 	 -5.188409e+00 	 -5.188409e+00
23.250000 	 -5.122809e+00 	 -5.122809e+00
23.300000 	 -4.995592e+00 	 -4.995592e+00
23.350000 	 -4.873462e+00 	 -4.873462e+00
23.400000 	 -4.814223e+00 	 -4.814223e+00
23.450000 	 -4.699240e+00 	 -4.699240e+00
23.500000 	 -4.588720e+00 	 -4.588720e+00
23.550000 	 -4.535063e+00 	 -4.535063e+00
23.600000 	 -4.430819e+00 	 -4.430819e+00
23.650000 	 -4.330496e+00 	 -4.330496e+00
23.700000 	 -4.281743e+00 	 -4.281743e+00
23.750000 	 -4.186935e+00 	 -4.186935e+00
23.800000 	 -4.095576e+00 	 -4.095576e+00
23.850000 	 -4.051136e+00 	 -4.051136e+00
23.900000 	 -3.964631e+00 	 -3.964631e+00
23.950000 	 -3.881162e+00 	 -3.881162e+00
24.000000 	 -3.840520e+00 	 -3.840520e+00
24.050000 	 -3.761329e+00 	 -3.761329e+00
24.100000 	 -3.684815e+00 	 -3.684815e+00
24.150000 	 -3.647521e+00 	 -3.647521e+00
24.200000 	 -3.574781e+00 	 -3.574781e+00
24.250000 	 -3.504406e+00 	 -3.504406e+00
24.300000 	 -3.470068e+00 	 -3.470068e+00
24.350000 	 -3.403027e+00 	 -3.403027e+00
24.400000 	 -3.338076e+00 	 -3.338076e+00
24.450000 	 -3.306353e+00 	 -3.306353e+00
24.500000 	 -3.244353e+00 	 -3.244353e+00
24.550000 	 -3.184203e+00 	 -3.184203e+00
24.600000 	 -3.154795e+00 	 -3.154795e+00
24.650000 	 -3.097260e+00 	 -3.097260e+00
24.700000 	 -3.041367e+00 	 -3.041367e+00
24.750000 	 -3.014011e+00 	 -3.014011e+00
24.800000 	 -2.960438e+00 	 -2.960438e+00
24.850000 	 -2.908323e+00 	 -2.908323e+00
24.900000 	 -2.882791e+00 	 -2.882791e+00
24.950000 	 -2.832738e+00 	 -2.832738e+00
25.000000 	 -2.783981e+00 	 -2.783981e+00
25.050000 	 -2.760071e+00 	 -2.760071e+00
25.100000 	 -2.713150e+00 	 -2.713150e+00
25.150000 	 -2.667385e+00 	 -2.667385e+00
25.200000 	 -2.644919e+00 	 -2.644919e+00
25.250000 	 -2.600791e+00 	 -2.600791e+00
25.300000 	 -2.557693e+00 	 -2.557693e+00
25.350000 	 -2.536516e+00 	 -2.536516e+00
25.400000 	 -2.494879e+00 	 -2.494879e+00
25.450000 	 -2.454164e+00 	 -2.454164e+00
25.500000 	 -2.434139e+00 	 -2.434139e+00
25.550000 	 -2.394730e+00 	 -2.394730e+00
25.600000 	 -2.356145e+00 	 -2.356145e+00
25.650000 	 -2.337150e+00 	 -2.337150e+00
25.700000 	 -2.299735e+00 	 -2.299735e+00
25.750000 	 -2.263059e+00 	 -2.263059e+00
25.800000 	 -2.244988e+00 	 -2.244988e+00
25.850000 	 -2.209361e+00 	 -2.209361e+00
25.900000 	 -2.174397e+00 	 -2.174397e+00
25.950000 	 -2.157154e+00 	 -2.157154e+00
26.000000 	 -2.123132e+00 	 -2.123132e+00
26.050000 	 -2.089705e+00 	 -2.089705e+00
26.100000 	 -2.073207e+00 	 -2.073207e+00
26.150000 	 -2.040628e+00 	 -2.040628e+00
26.200000 	 -2.008584e+00 	 -2.008584e+00
26.250000 	 -1.992756e+00 	 -1.992756e+00
26.300000 	 -1.961475e+00 	 -1.961475e+00
26.350000 	 -1.930676e+00 	 -1.930676e+00
26.400000 	 -1.915452e+00 	 -1.915452e+00
26.450000 	 -1.885340e+00 	 -1.885340e+00
26.500000 	 -1.855664e+00 	 -1.855664e+00
26.550000 	 -1.840984e+00 	 -1.840984e+00
26.600000 	 -1.811928e+00 	 -1.811928e+00
26.650000 	 -1.783265e+00 	 -1.783265e+00
26.700000 	 -1.769076e+00 	 -1.769076e+00
26.750000 	 -1.740973e+00 	 -1.740973e+00
26.800000 	 -1.713225e+00 	 -1.713225e+00
26.850000 	 -1.699480e+00 	 -1.699480e+00
26.900000 	 -1.672238e+00 	 -1.672238e+00
26.950000 	 -1.645318e+00 	 -1.645318e+00
27.000000 	 -1.631975e+00 	 -1.631975e+00
27.050000 	 -1.605513e+00 	 -1.605513e+00
27.100000 	 -1.579342e+00 	 -1.579342e+00
27.150000 	 -1.566362e+00 	 -1.566362e+00
27.200000 	 -1.540606e+00 	 -1.540606e+00
27.250000 	 -1.515113e+00 	 -1.515113e+00
27.300000 	 -1.502462e+00 	 -1.502462e+00
27.350000 	 -1.477346e+00 	 -1.477346e+00
27.400000 	 -1.452469e+00 	 -1.452469e+00
27.450000 	 -1.440117e+00 	 -1.440117e+00
27.500000 	 -1.415581e+00 	 -1.415581e+00
27.550000 	 -1.391262e+00 	 -1.391262e+00
27.600000 	 -1.379181e+00 	 -1.379181e+00
27.650000 	 -1.355171e+00 	 -1.355171e+00
27.700000 	 -1.331358e+00 	 -1.331358e+00
27.750000 	 -1.319523e+00 	 -1.319523e+00
27.800000 	 -1.295992e+00 	 -1.295992e+00
27.850000 	 -1.272639e+00 	 -1.272639e+00
27.900000 	 -1.261028e+00 	 -1.261028e+00
27.950000 	 -1.237930e+00 	 -1.237930e+00
28.000000 	 -1.214996e+00 	 -1.214996e+00
28.050000 	 -1.203587e+00 	 -1.203587e+00
28.100000 	 -1.180885e+00 	 -1.180885e+00
28.150000 	 -1.158330e+00 	 -1.158330e+00
28.200000 	 -1.147106e+00 	 -1.147106e+00
28.250000 	 -1.124763e+00 	 -1.124763e+00
28.300000 	 -1.102553e+00 	 -1.102553e+00
28.350000 	 -1.091498e+00 	 -1.091498e+00
28.400000 	 -1.069481e+00 	 -1.069481e+00
28.450000 	 -1.047586e+00 	 -1.047586e+00
28.500000 	 -1.036683e+00 	 -1.036683e+00
28.550000 	 -1.014962e+00 	 -1.014962e+00
28.600000 	 -9.933535e-01 	 -9.933535e-01
28.650000 	 -9.825894e-01 	 -9.825894e-01
28.700000 	 -9.611396e-01 	 -9.611396e-01
28.750000 	 -9.397909e-01 	 -9.397909e-01
28.800000 	 -9.291533e-01 	 -9.291533e-01
28.850000 	 -9.079494e-01 	 -9.079494e-01
28.900000 	 -8.868376e-01 	 -8.868376e-01
28.950000 	 -8.763152e-01 	 -8.763152e-01
29.000000 	 -8.553352e-01 	 -8.553352e-01
29.050000 	 -8.344390e-01 	 -8.344390e-01
29.100000 	 -8.240214e-01 	 -8.240214e-01
29.150000 	 -8.032452e-01 	 -8.032452e-01
29.200000 	 -7.825454e-01 	 -7.825454e-01
29.250000 	 -7.722232e-01 	 -7.722232e-01
29.300000 	 -7.516325e-01 	 -7.516325e-01
29.350000 	 -7.311114e-01 	 -7.311114e-01
29.400000 	 -7.208761e-01 	 -7.208761e-01
29.450000 	 -7.004543e-01 	 -7.004543e-01
29.500000 	 -6.800959e-01 	 -6.800959e-01
29.550000 	 -6.699396e-01 	 -6.699396e-01
29.600000 	 -6.496717e-01 	 -6.496717e-01
29.650000 	 -6.294613e-01 	 -6.294613e-01
29.700000 	 -6.193771e-01 	 -6.193771e-01
29.750000 	 -5.992491e-01 	 -5.992491e-01
29.800000 	 -5.791736e-01 	 -5.791736e-01
29.850000 	 -5.691549e-01 	 -5.691549e-01
29.900000 	 -5.491543e-01 	 -5.491543e-01
29.950000 	 -5.292015e-01 	 -5.292015e-01
